(kicad_pcb (version 20171130) (host pcbnew "(5.1.6-0-10_14)")

  (general
    (thickness 1.6)
    (drawings 0)
    (tracks 0)
    (zones 0)
    (modules 113)
    (nets 83)
  )

  (page A4)
  (layers
    (0 F.Cu signal)
    (31 B.Cu signal)
    (32 B.Adhes user)
    (33 F.Adhes user)
    (34 B.Paste user)
    (35 F.Paste user)
    (36 B.SilkS user)
    (37 F.SilkS user)
    (38 B.Mask user)
    (39 F.Mask user)
    (40 Dwgs.User user)
    (41 Cmts.User user)
    (42 Eco1.User user)
    (43 Eco2.User user)
    (44 Edge.Cuts user)
    (45 Margin user)
    (46 B.CrtYd user)
    (47 F.CrtYd user)
    (48 B.Fab user)
    (49 F.Fab user)
  )

  (setup
    (last_trace_width 0.25)
    (trace_clearance 0.2)
    (zone_clearance 0.508)
    (zone_45_only no)
    (trace_min 0.2)
    (via_size 0.8)
    (via_drill 0.4)
    (via_min_size 0.4)
    (via_min_drill 0.3)
    (uvia_size 0.3)
    (uvia_drill 0.1)
    (uvias_allowed no)
    (uvia_min_size 0.2)
    (uvia_min_drill 0.1)
    (edge_width 0.1)
    (segment_width 0.2)
    (pcb_text_width 0.3)
    (pcb_text_size 1.5 1.5)
    (mod_edge_width 0.15)
    (mod_text_size 1 1)
    (mod_text_width 0.15)
    (pad_size 1.524 1.524)
    (pad_drill 0.762)
    (pad_to_mask_clearance 0)
    (aux_axis_origin 0 0)
    (visible_elements FFFFFF7F)
    (pcbplotparams
      (layerselection 0x010fc_ffffffff)
      (usegerberextensions false)
      (usegerberattributes true)
      (usegerberadvancedattributes true)
      (creategerberjobfile true)
      (excludeedgelayer true)
      (linewidth 0.100000)
      (plotframeref false)
      (viasonmask false)
      (mode 1)
      (useauxorigin false)
      (hpglpennumber 1)
      (hpglpenspeed 20)
      (hpglpendiameter 15.000000)
      (psnegative false)
      (psa4output false)
      (plotreference true)
      (plotvalue true)
      (plotinvisibletext false)
      (padsonsilk false)
      (subtractmaskfromsilk false)
      (outputformat 1)
      (mirror false)
      (drillshape 1)
      (scaleselection 1)
      (outputdirectory ""))
  )

  (net 0 "")
  (net 1 12V)
  (net 2 THERM_WELL)
  (net 3 GNDA)
  (net 4 THERM_EXT3)
  (net 5 GND)
  (net 6 3V3A)
  (net 7 3V3D)
  (net 8 "Net-(C17-Pad2)")
  (net 9 5V_UPS)
  (net 10 12V_BD_VIN)
  (net 11 "Net-(C30-Pad2)")
  (net 12 "Net-(C31-Pad2)")
  (net 13 "Net-(C32-Pad2)")
  (net 14 "Net-(C36-Pad1)")
  (net 15 /SheetSupercap/BD_BOOT)
  (net 16 /SheetSupercap/BD_SW)
  (net 17 I2C_SCL)
  (net 18 I2C_SDA)
  (net 19 "Net-(FB1-Pad1)")
  (net 20 THERM_R_SWITCH)
  (net 21 MUX_SELECT)
  (net 22 SPI_MISO)
  (net 23 MUX_S3)
  (net 24 AMP_GAIN_SW)
  (net 25 SPI_SWITCH)
  (net 26 /3V3_RASP)
  (net 27 SPI_MOSI)
  (net 28 MUX_S2)
  (net 29 MUX_S1)
  (net 30 ADC_DRDY)
  (net 31 SPI_SCLK)
  (net 32 MUX_S0)
  (net 33 LED_LAT)
  (net 34 THERM_EXT2)
  (net 35 THERM_EXT1)
  (net 36 THERM_MUX_OUT)
  (net 37 PD_REF_PWM)
  (net 38 -1V)
  (net 39 "Net-(JP2-Pad1)")
  (net 40 LED_BLANK)
  (net 41 "Net-(JP3-Pad3)")
  (net 42 THERM_AIR)
  (net 43 N_LED_OUT5)
  (net 44 N_LED_OUT6)
  (net 45 N_LED_OUT8)
  (net 46 N_LED_OUT7)
  (net 47 N_LED_OUT3)
  (net 48 N_LED_OUT4)
  (net 49 N_LED_OUT1)
  (net 50 N_LED_OUT2)
  (net 51 "Net-(Q1-Pad1)")
  (net 52 "Net-(Q2-Pad1)")
  (net 53 "Net-(Q3-Pad1)")
  (net 54 VIN_SENSE)
  (net 55 /SheetSupercap/BD_FB)
  (net 56 S_LED_OUT2)
  (net 57 S_LED_OUT1)
  (net 58 S_LED_OUT4)
  (net 59 S_LED_OUT3)
  (net 60 S_LED_OUT7)
  (net 61 S_LED_OUT8)
  (net 62 S_LED_OUT6)
  (net 63 S_LED_OUT5)
  (net 64 LED_SPI_MOSI)
  (net 65 /LED/LED_IREF)
  (net 66 "Net-(C10-Pad2)")
  (net 67 "Net-(C15-Pad1)")
  (net 68 "Net-(C15-Pad2)")
  (net 69 "Net-(C18-Pad2)")
  (net 70 "Net-(C29-Pad2)")
  (net 71 "Net-(C29-Pad1)")
  (net 72 "Net-(C35-Pad1)")
  (net 73 "Net-(FAN1-Pad2)")
  (net 74 "Net-(HLID1-Pad2)")
  (net 75 "Net-(HWELL1-Pad2)")
  (net 76 /FAN)
  (net 77 /WELL_HEATER)
  (net 78 /LID_HEATER)
  (net 79 "Net-(D2-Pad1)")
  (net 80 "Net-(R13-Pad2)")
  (net 81 "Net-(R22-Pad2)")
  (net 82 THERM_LID)

  (net_class Default "This is the default net class."
    (clearance 0.2)
    (trace_width 0.25)
    (via_dia 0.8)
    (via_drill 0.4)
    (uvia_dia 0.3)
    (uvia_drill 0.1)
    (add_net -1V)
    (add_net /3V3_RASP)
    (add_net /FAN)
    (add_net /LED/LED_IREF)
    (add_net /LID_HEATER)
    (add_net /SheetSupercap/BD_BOOT)
    (add_net /SheetSupercap/BD_FB)
    (add_net /SheetSupercap/BD_SW)
    (add_net /WELL_HEATER)
    (add_net 12V)
    (add_net 12V_BD_VIN)
    (add_net 3V3A)
    (add_net 3V3D)
    (add_net 5V_UPS)
    (add_net ADC_DRDY)
    (add_net AMP_GAIN_SW)
    (add_net GND)
    (add_net GNDA)
    (add_net I2C_SCL)
    (add_net I2C_SDA)
    (add_net LED_BLANK)
    (add_net LED_LAT)
    (add_net LED_SPI_MOSI)
    (add_net MUX_S0)
    (add_net MUX_S1)
    (add_net MUX_S2)
    (add_net MUX_S3)
    (add_net MUX_SELECT)
    (add_net N_LED_OUT1)
    (add_net N_LED_OUT2)
    (add_net N_LED_OUT3)
    (add_net N_LED_OUT4)
    (add_net N_LED_OUT5)
    (add_net N_LED_OUT6)
    (add_net N_LED_OUT7)
    (add_net N_LED_OUT8)
    (add_net "Net-(C10-Pad2)")
    (add_net "Net-(C15-Pad1)")
    (add_net "Net-(C15-Pad2)")
    (add_net "Net-(C17-Pad2)")
    (add_net "Net-(C18-Pad2)")
    (add_net "Net-(C29-Pad1)")
    (add_net "Net-(C29-Pad2)")
    (add_net "Net-(C30-Pad2)")
    (add_net "Net-(C31-Pad2)")
    (add_net "Net-(C32-Pad2)")
    (add_net "Net-(C35-Pad1)")
    (add_net "Net-(C36-Pad1)")
    (add_net "Net-(D2-Pad1)")
    (add_net "Net-(FAN1-Pad2)")
    (add_net "Net-(FB1-Pad1)")
    (add_net "Net-(HLID1-Pad2)")
    (add_net "Net-(HWELL1-Pad2)")
    (add_net "Net-(JP2-Pad1)")
    (add_net "Net-(JP3-Pad3)")
    (add_net "Net-(Q1-Pad1)")
    (add_net "Net-(Q2-Pad1)")
    (add_net "Net-(Q3-Pad1)")
    (add_net "Net-(R13-Pad2)")
    (add_net "Net-(R22-Pad2)")
    (add_net PD_REF_PWM)
    (add_net SPI_MISO)
    (add_net SPI_MOSI)
    (add_net SPI_SCLK)
    (add_net SPI_SWITCH)
    (add_net S_LED_OUT1)
    (add_net S_LED_OUT2)
    (add_net S_LED_OUT3)
    (add_net S_LED_OUT4)
    (add_net S_LED_OUT5)
    (add_net S_LED_OUT6)
    (add_net S_LED_OUT7)
    (add_net S_LED_OUT8)
    (add_net THERM_AIR)
    (add_net THERM_EXT1)
    (add_net THERM_EXT2)
    (add_net THERM_EXT3)
    (add_net THERM_LID)
    (add_net THERM_MUX_OUT)
    (add_net THERM_R_SWITCH)
    (add_net THERM_WELL)
    (add_net VIN_SENSE)
  )

  (module Capacitors_SMD:C_0805_HandSoldering (layer F.Cu) (tedit 58AA84A8) (tstamp 60B5B251)
    (at 115.205001 150.200001)
    (descr "Capacitor SMD 0805, hand soldering")
    (tags "capacitor 0805")
    (path /60AC8F91/5F62F251)
    (attr smd)
    (fp_text reference C1 (at 0 -1.75) (layer F.SilkS)
      (effects (font (size 1 1) (thickness 0.15)))
    )
    (fp_text value 22uF (at 0 1.75) (layer F.Fab)
      (effects (font (size 1 1) (thickness 0.15)))
    )
    (fp_line (start 2.25 0.87) (end -2.25 0.87) (layer F.CrtYd) (width 0.05))
    (fp_line (start 2.25 0.87) (end 2.25 -0.88) (layer F.CrtYd) (width 0.05))
    (fp_line (start -2.25 -0.88) (end -2.25 0.87) (layer F.CrtYd) (width 0.05))
    (fp_line (start -2.25 -0.88) (end 2.25 -0.88) (layer F.CrtYd) (width 0.05))
    (fp_line (start -0.5 0.85) (end 0.5 0.85) (layer F.SilkS) (width 0.12))
    (fp_line (start 0.5 -0.85) (end -0.5 -0.85) (layer F.SilkS) (width 0.12))
    (fp_line (start -1 -0.62) (end 1 -0.62) (layer F.Fab) (width 0.1))
    (fp_line (start 1 -0.62) (end 1 0.62) (layer F.Fab) (width 0.1))
    (fp_line (start 1 0.62) (end -1 0.62) (layer F.Fab) (width 0.1))
    (fp_line (start -1 0.62) (end -1 -0.62) (layer F.Fab) (width 0.1))
    (fp_text user %R (at 0 -1.75) (layer F.Fab)
      (effects (font (size 1 1) (thickness 0.15)))
    )
    (pad 2 smd rect (at 1.25 0) (size 1.5 1.25) (layers F.Cu F.Paste F.Mask)
      (net 5 GND))
    (pad 1 smd rect (at -1.25 0) (size 1.5 1.25) (layers F.Cu F.Paste F.Mask)
      (net 1 12V))
    (model Capacitors_SMD.3dshapes/C_0805.wrl
      (at (xyz 0 0 0))
      (scale (xyz 1 1 1))
      (rotate (xyz 0 0 0))
    )
  )

  (module Capacitors_SMD:C_0805_HandSoldering (layer F.Cu) (tedit 58AA84A8) (tstamp 60B5B262)
    (at 115.205001 147.380001)
    (descr "Capacitor SMD 0805, hand soldering")
    (tags "capacitor 0805")
    (path /60AC8F91/5F62F266)
    (attr smd)
    (fp_text reference C3 (at 0 -1.75) (layer F.SilkS)
      (effects (font (size 1 1) (thickness 0.15)))
    )
    (fp_text value 22uF (at 0 1.75) (layer F.Fab)
      (effects (font (size 1 1) (thickness 0.15)))
    )
    (fp_line (start 2.25 0.87) (end -2.25 0.87) (layer F.CrtYd) (width 0.05))
    (fp_line (start 2.25 0.87) (end 2.25 -0.88) (layer F.CrtYd) (width 0.05))
    (fp_line (start -2.25 -0.88) (end -2.25 0.87) (layer F.CrtYd) (width 0.05))
    (fp_line (start -2.25 -0.88) (end 2.25 -0.88) (layer F.CrtYd) (width 0.05))
    (fp_line (start -0.5 0.85) (end 0.5 0.85) (layer F.SilkS) (width 0.12))
    (fp_line (start 0.5 -0.85) (end -0.5 -0.85) (layer F.SilkS) (width 0.12))
    (fp_line (start -1 -0.62) (end 1 -0.62) (layer F.Fab) (width 0.1))
    (fp_line (start 1 -0.62) (end 1 0.62) (layer F.Fab) (width 0.1))
    (fp_line (start 1 0.62) (end -1 0.62) (layer F.Fab) (width 0.1))
    (fp_line (start -1 0.62) (end -1 -0.62) (layer F.Fab) (width 0.1))
    (fp_text user %R (at 0 -1.75) (layer F.Fab)
      (effects (font (size 1 1) (thickness 0.15)))
    )
    (pad 2 smd rect (at 1.25 0) (size 1.5 1.25) (layers F.Cu F.Paste F.Mask)
      (net 5 GND))
    (pad 1 smd rect (at -1.25 0) (size 1.5 1.25) (layers F.Cu F.Paste F.Mask)
      (net 1 12V))
    (model Capacitors_SMD.3dshapes/C_0805.wrl
      (at (xyz 0 0 0))
      (scale (xyz 1 1 1))
      (rotate (xyz 0 0 0))
    )
  )

  (module Capacitors_SMD:C_0805_HandSoldering (layer F.Cu) (tedit 58AA84A8) (tstamp 60B5B273)
    (at 120.625001 143.520001)
    (descr "Capacitor SMD 0805, hand soldering")
    (tags "capacitor 0805")
    (path /60AC8F91/5F62F27B)
    (attr smd)
    (fp_text reference C5 (at 0 -1.75) (layer F.SilkS)
      (effects (font (size 1 1) (thickness 0.15)))
    )
    (fp_text value 0.1uF (at 0 1.75) (layer F.Fab)
      (effects (font (size 1 1) (thickness 0.15)))
    )
    (fp_line (start -1 0.62) (end -1 -0.62) (layer F.Fab) (width 0.1))
    (fp_line (start 1 0.62) (end -1 0.62) (layer F.Fab) (width 0.1))
    (fp_line (start 1 -0.62) (end 1 0.62) (layer F.Fab) (width 0.1))
    (fp_line (start -1 -0.62) (end 1 -0.62) (layer F.Fab) (width 0.1))
    (fp_line (start 0.5 -0.85) (end -0.5 -0.85) (layer F.SilkS) (width 0.12))
    (fp_line (start -0.5 0.85) (end 0.5 0.85) (layer F.SilkS) (width 0.12))
    (fp_line (start -2.25 -0.88) (end 2.25 -0.88) (layer F.CrtYd) (width 0.05))
    (fp_line (start -2.25 -0.88) (end -2.25 0.87) (layer F.CrtYd) (width 0.05))
    (fp_line (start 2.25 0.87) (end 2.25 -0.88) (layer F.CrtYd) (width 0.05))
    (fp_line (start 2.25 0.87) (end -2.25 0.87) (layer F.CrtYd) (width 0.05))
    (fp_text user %R (at 0 -1.75) (layer F.Fab)
      (effects (font (size 1 1) (thickness 0.15)))
    )
    (pad 1 smd rect (at -1.25 0) (size 1.5 1.25) (layers F.Cu F.Paste F.Mask)
      (net 1 12V))
    (pad 2 smd rect (at 1.25 0) (size 1.5 1.25) (layers F.Cu F.Paste F.Mask)
      (net 5 GND))
    (model Capacitors_SMD.3dshapes/C_0805.wrl
      (at (xyz 0 0 0))
      (scale (xyz 1 1 1))
      (rotate (xyz 0 0 0))
    )
  )

  (module Capacitors_SMD:C_0603_HandSoldering (layer F.Cu) (tedit 58AA848B) (tstamp 60B5B284)
    (at 110.725001 158.035001)
    (descr "Capacitor SMD 0603, hand soldering")
    (tags "capacitor 0603")
    (path /60AC8F91/5F62F290)
    (attr smd)
    (fp_text reference C7 (at 0 -1.25) (layer F.SilkS)
      (effects (font (size 1 1) (thickness 0.15)))
    )
    (fp_text value 0.01uF (at 0 1.5) (layer F.Fab)
      (effects (font (size 1 1) (thickness 0.15)))
    )
    (fp_line (start -0.8 0.4) (end -0.8 -0.4) (layer F.Fab) (width 0.1))
    (fp_line (start 0.8 0.4) (end -0.8 0.4) (layer F.Fab) (width 0.1))
    (fp_line (start 0.8 -0.4) (end 0.8 0.4) (layer F.Fab) (width 0.1))
    (fp_line (start -0.8 -0.4) (end 0.8 -0.4) (layer F.Fab) (width 0.1))
    (fp_line (start -0.35 -0.6) (end 0.35 -0.6) (layer F.SilkS) (width 0.12))
    (fp_line (start 0.35 0.6) (end -0.35 0.6) (layer F.SilkS) (width 0.12))
    (fp_line (start -1.8 -0.65) (end 1.8 -0.65) (layer F.CrtYd) (width 0.05))
    (fp_line (start -1.8 -0.65) (end -1.8 0.65) (layer F.CrtYd) (width 0.05))
    (fp_line (start 1.8 0.65) (end 1.8 -0.65) (layer F.CrtYd) (width 0.05))
    (fp_line (start 1.8 0.65) (end -1.8 0.65) (layer F.CrtYd) (width 0.05))
    (fp_text user %R (at 0 -1.25) (layer F.Fab)
      (effects (font (size 1 1) (thickness 0.15)))
    )
    (pad 1 smd rect (at -0.95 0) (size 1.2 0.75) (layers F.Cu F.Paste F.Mask)
      (net 1 12V))
    (pad 2 smd rect (at 0.95 0) (size 1.2 0.75) (layers F.Cu F.Paste F.Mask)
      (net 5 GND))
    (model Capacitors_SMD.3dshapes/C_0603.wrl
      (at (xyz 0 0 0))
      (scale (xyz 1 1 1))
      (rotate (xyz 0 0 0))
    )
  )

  (module Capacitors_SMD:C_0603_HandSoldering (layer F.Cu) (tedit 58AA848B) (tstamp 60B5B2B1)
    (at 113.625001 152.785001)
    (descr "Capacitor SMD 0603, hand soldering")
    (tags "capacitor 0603")
    (path /60AC8F91/5F67A813)
    (attr smd)
    (fp_text reference C10 (at 0 -1.25) (layer F.SilkS)
      (effects (font (size 1 1) (thickness 0.15)))
    )
    (fp_text value 0.01uF (at 0 1.5) (layer F.Fab)
      (effects (font (size 1 1) (thickness 0.15)))
    )
    (fp_line (start 1.8 0.65) (end -1.8 0.65) (layer F.CrtYd) (width 0.05))
    (fp_line (start 1.8 0.65) (end 1.8 -0.65) (layer F.CrtYd) (width 0.05))
    (fp_line (start -1.8 -0.65) (end -1.8 0.65) (layer F.CrtYd) (width 0.05))
    (fp_line (start -1.8 -0.65) (end 1.8 -0.65) (layer F.CrtYd) (width 0.05))
    (fp_line (start 0.35 0.6) (end -0.35 0.6) (layer F.SilkS) (width 0.12))
    (fp_line (start -0.35 -0.6) (end 0.35 -0.6) (layer F.SilkS) (width 0.12))
    (fp_line (start -0.8 -0.4) (end 0.8 -0.4) (layer F.Fab) (width 0.1))
    (fp_line (start 0.8 -0.4) (end 0.8 0.4) (layer F.Fab) (width 0.1))
    (fp_line (start 0.8 0.4) (end -0.8 0.4) (layer F.Fab) (width 0.1))
    (fp_line (start -0.8 0.4) (end -0.8 -0.4) (layer F.Fab) (width 0.1))
    (fp_text user %R (at 0 -1.25) (layer F.Fab)
      (effects (font (size 1 1) (thickness 0.15)))
    )
    (pad 2 smd rect (at 0.95 0) (size 1.2 0.75) (layers F.Cu F.Paste F.Mask)
      (net 66 "Net-(C10-Pad2)"))
    (pad 1 smd rect (at -0.95 0) (size 1.2 0.75) (layers F.Cu F.Paste F.Mask)
      (net 6 3V3A))
    (model Capacitors_SMD.3dshapes/C_0603.wrl
      (at (xyz 0 0 0))
      (scale (xyz 1 1 1))
      (rotate (xyz 0 0 0))
    )
  )

  (module Capacitors_SMD:C_0805_HandSoldering (layer F.Cu) (tedit 58AA84A8) (tstamp 60B5B2C2)
    (at 105.625001 158.740001)
    (descr "Capacitor SMD 0805, hand soldering")
    (tags "capacitor 0805")
    (path /60AC8F91/5F69D100)
    (attr smd)
    (fp_text reference C11 (at 0 -1.75) (layer F.SilkS)
      (effects (font (size 1 1) (thickness 0.15)))
    )
    (fp_text value 22uF (at 0 1.75) (layer F.Fab)
      (effects (font (size 1 1) (thickness 0.15)))
    )
    (fp_line (start -1 0.62) (end -1 -0.62) (layer F.Fab) (width 0.1))
    (fp_line (start 1 0.62) (end -1 0.62) (layer F.Fab) (width 0.1))
    (fp_line (start 1 -0.62) (end 1 0.62) (layer F.Fab) (width 0.1))
    (fp_line (start -1 -0.62) (end 1 -0.62) (layer F.Fab) (width 0.1))
    (fp_line (start 0.5 -0.85) (end -0.5 -0.85) (layer F.SilkS) (width 0.12))
    (fp_line (start -0.5 0.85) (end 0.5 0.85) (layer F.SilkS) (width 0.12))
    (fp_line (start -2.25 -0.88) (end 2.25 -0.88) (layer F.CrtYd) (width 0.05))
    (fp_line (start -2.25 -0.88) (end -2.25 0.87) (layer F.CrtYd) (width 0.05))
    (fp_line (start 2.25 0.87) (end 2.25 -0.88) (layer F.CrtYd) (width 0.05))
    (fp_line (start 2.25 0.87) (end -2.25 0.87) (layer F.CrtYd) (width 0.05))
    (fp_text user %R (at 0 -1.75) (layer F.Fab)
      (effects (font (size 1 1) (thickness 0.15)))
    )
    (pad 1 smd rect (at -1.25 0) (size 1.5 1.25) (layers F.Cu F.Paste F.Mask)
      (net 6 3V3A))
    (pad 2 smd rect (at 1.25 0) (size 1.5 1.25) (layers F.Cu F.Paste F.Mask)
      (net 5 GND))
    (model Capacitors_SMD.3dshapes/C_0805.wrl
      (at (xyz 0 0 0))
      (scale (xyz 1 1 1))
      (rotate (xyz 0 0 0))
    )
  )

  (module Capacitors_SMD:C_0805_HandSoldering (layer F.Cu) (tedit 58AA84A8) (tstamp 60B5B2D3)
    (at 105.625001 155.920001)
    (descr "Capacitor SMD 0805, hand soldering")
    (tags "capacitor 0805")
    (path /60AC8F91/5F69D10A)
    (attr smd)
    (fp_text reference C12 (at 0 -1.75) (layer F.SilkS)
      (effects (font (size 1 1) (thickness 0.15)))
    )
    (fp_text value 820pF (at 0 1.75) (layer F.Fab)
      (effects (font (size 1 1) (thickness 0.15)))
    )
    (fp_line (start 2.25 0.87) (end -2.25 0.87) (layer F.CrtYd) (width 0.05))
    (fp_line (start 2.25 0.87) (end 2.25 -0.88) (layer F.CrtYd) (width 0.05))
    (fp_line (start -2.25 -0.88) (end -2.25 0.87) (layer F.CrtYd) (width 0.05))
    (fp_line (start -2.25 -0.88) (end 2.25 -0.88) (layer F.CrtYd) (width 0.05))
    (fp_line (start -0.5 0.85) (end 0.5 0.85) (layer F.SilkS) (width 0.12))
    (fp_line (start 0.5 -0.85) (end -0.5 -0.85) (layer F.SilkS) (width 0.12))
    (fp_line (start -1 -0.62) (end 1 -0.62) (layer F.Fab) (width 0.1))
    (fp_line (start 1 -0.62) (end 1 0.62) (layer F.Fab) (width 0.1))
    (fp_line (start 1 0.62) (end -1 0.62) (layer F.Fab) (width 0.1))
    (fp_line (start -1 0.62) (end -1 -0.62) (layer F.Fab) (width 0.1))
    (fp_text user %R (at 0 -1.75) (layer F.Fab)
      (effects (font (size 1 1) (thickness 0.15)))
    )
    (pad 2 smd rect (at 1.25 0) (size 1.5 1.25) (layers F.Cu F.Paste F.Mask)
      (net 5 GND))
    (pad 1 smd rect (at -1.25 0) (size 1.5 1.25) (layers F.Cu F.Paste F.Mask)
      (net 6 3V3A))
    (model Capacitors_SMD.3dshapes/C_0805.wrl
      (at (xyz 0 0 0))
      (scale (xyz 1 1 1))
      (rotate (xyz 0 0 0))
    )
  )

  (module Capacitors_SMD:C_0805_HandSoldering (layer F.Cu) (tedit 58AA84A8) (tstamp 60B5B2E4)
    (at 100.075001 160.010001)
    (descr "Capacitor SMD 0805, hand soldering")
    (tags "capacitor 0805")
    (path /60AC8F91/60B71078)
    (attr smd)
    (fp_text reference C13 (at 0 -1.75) (layer F.SilkS)
      (effects (font (size 1 1) (thickness 0.15)))
    )
    (fp_text value 10uF (at 0 1.75) (layer F.Fab)
      (effects (font (size 1 1) (thickness 0.15)))
    )
    (fp_line (start 2.25 0.87) (end -2.25 0.87) (layer F.CrtYd) (width 0.05))
    (fp_line (start 2.25 0.87) (end 2.25 -0.88) (layer F.CrtYd) (width 0.05))
    (fp_line (start -2.25 -0.88) (end -2.25 0.87) (layer F.CrtYd) (width 0.05))
    (fp_line (start -2.25 -0.88) (end 2.25 -0.88) (layer F.CrtYd) (width 0.05))
    (fp_line (start -0.5 0.85) (end 0.5 0.85) (layer F.SilkS) (width 0.12))
    (fp_line (start 0.5 -0.85) (end -0.5 -0.85) (layer F.SilkS) (width 0.12))
    (fp_line (start -1 -0.62) (end 1 -0.62) (layer F.Fab) (width 0.1))
    (fp_line (start 1 -0.62) (end 1 0.62) (layer F.Fab) (width 0.1))
    (fp_line (start 1 0.62) (end -1 0.62) (layer F.Fab) (width 0.1))
    (fp_line (start -1 0.62) (end -1 -0.62) (layer F.Fab) (width 0.1))
    (fp_text user %R (at 0 -1.75) (layer F.Fab)
      (effects (font (size 1 1) (thickness 0.15)))
    )
    (pad 2 smd rect (at 1.25 0) (size 1.5 1.25) (layers F.Cu F.Paste F.Mask)
      (net 7 3V3D))
    (pad 1 smd rect (at -1.25 0) (size 1.5 1.25) (layers F.Cu F.Paste F.Mask)
      (net 5 GND))
    (model Capacitors_SMD.3dshapes/C_0805.wrl
      (at (xyz 0 0 0))
      (scale (xyz 1 1 1))
      (rotate (xyz 0 0 0))
    )
  )

  (module Capacitors_SMD:C_0805_HandSoldering (layer F.Cu) (tedit 58AA84A8) (tstamp 60B5B2F5)
    (at 108.525001 153.100001)
    (descr "Capacitor SMD 0805, hand soldering")
    (tags "capacitor 0805")
    (path /60AC8F91/60B7107E)
    (attr smd)
    (fp_text reference C14 (at 0 -1.75) (layer F.SilkS)
      (effects (font (size 1 1) (thickness 0.15)))
    )
    (fp_text value 10uF (at 0 1.75) (layer F.Fab)
      (effects (font (size 1 1) (thickness 0.15)))
    )
    (fp_line (start -1 0.62) (end -1 -0.62) (layer F.Fab) (width 0.1))
    (fp_line (start 1 0.62) (end -1 0.62) (layer F.Fab) (width 0.1))
    (fp_line (start 1 -0.62) (end 1 0.62) (layer F.Fab) (width 0.1))
    (fp_line (start -1 -0.62) (end 1 -0.62) (layer F.Fab) (width 0.1))
    (fp_line (start 0.5 -0.85) (end -0.5 -0.85) (layer F.SilkS) (width 0.12))
    (fp_line (start -0.5 0.85) (end 0.5 0.85) (layer F.SilkS) (width 0.12))
    (fp_line (start -2.25 -0.88) (end 2.25 -0.88) (layer F.CrtYd) (width 0.05))
    (fp_line (start -2.25 -0.88) (end -2.25 0.87) (layer F.CrtYd) (width 0.05))
    (fp_line (start 2.25 0.87) (end 2.25 -0.88) (layer F.CrtYd) (width 0.05))
    (fp_line (start 2.25 0.87) (end -2.25 0.87) (layer F.CrtYd) (width 0.05))
    (fp_text user %R (at 0 -1.75) (layer F.Fab)
      (effects (font (size 1 1) (thickness 0.15)))
    )
    (pad 1 smd rect (at -1.25 0) (size 1.5 1.25) (layers F.Cu F.Paste F.Mask)
      (net 5 GND))
    (pad 2 smd rect (at 1.25 0) (size 1.5 1.25) (layers F.Cu F.Paste F.Mask)
      (net 7 3V3D))
    (model Capacitors_SMD.3dshapes/C_0805.wrl
      (at (xyz 0 0 0))
      (scale (xyz 1 1 1))
      (rotate (xyz 0 0 0))
    )
  )

  (module Capacitors_SMD:CP_Elec_6.3x5.8 (layer F.Cu) (tedit 58AA8B59) (tstamp 60B5B311)
    (at 123.775001 130.815001)
    (descr "SMT capacitor, aluminium electrolytic, 6.3x5.8")
    (path /60AC8F91/5F6356F9)
    (attr smd)
    (fp_text reference C2 (at 0 4.56) (layer F.SilkS)
      (effects (font (size 1 1) (thickness 0.15)))
    )
    (fp_text value 100uF (at 0 -4.56) (layer F.Fab)
      (effects (font (size 1 1) (thickness 0.15)))
    )
    (fp_circle (center 0 0) (end 0.5 3) (layer F.Fab) (width 0.1))
    (fp_line (start 3.15 3.15) (end 3.15 -3.15) (layer F.Fab) (width 0.1))
    (fp_line (start -2.48 3.15) (end 3.15 3.15) (layer F.Fab) (width 0.1))
    (fp_line (start -3.15 2.48) (end -2.48 3.15) (layer F.Fab) (width 0.1))
    (fp_line (start -3.15 -2.48) (end -3.15 2.48) (layer F.Fab) (width 0.1))
    (fp_line (start -2.48 -3.15) (end -3.15 -2.48) (layer F.Fab) (width 0.1))
    (fp_line (start 3.15 -3.15) (end -2.48 -3.15) (layer F.Fab) (width 0.1))
    (fp_line (start 3.3 3.3) (end 3.3 1.12) (layer F.SilkS) (width 0.12))
    (fp_line (start 3.3 -3.3) (end 3.3 -1.12) (layer F.SilkS) (width 0.12))
    (fp_line (start -3.3 2.54) (end -3.3 1.12) (layer F.SilkS) (width 0.12))
    (fp_line (start -3.3 -2.54) (end -3.3 -1.12) (layer F.SilkS) (width 0.12))
    (fp_line (start 3.3 3.3) (end -2.54 3.3) (layer F.SilkS) (width 0.12))
    (fp_line (start -2.54 3.3) (end -3.3 2.54) (layer F.SilkS) (width 0.12))
    (fp_line (start -3.3 -2.54) (end -2.54 -3.3) (layer F.SilkS) (width 0.12))
    (fp_line (start -2.54 -3.3) (end 3.3 -3.3) (layer F.SilkS) (width 0.12))
    (fp_line (start -4.7 -3.4) (end 4.7 -3.4) (layer F.CrtYd) (width 0.05))
    (fp_line (start -4.7 -3.4) (end -4.7 3.4) (layer F.CrtYd) (width 0.05))
    (fp_line (start 4.7 3.4) (end 4.7 -3.4) (layer F.CrtYd) (width 0.05))
    (fp_line (start 4.7 3.4) (end -4.7 3.4) (layer F.CrtYd) (width 0.05))
    (fp_text user + (at -1.75 -0.08) (layer F.Fab)
      (effects (font (size 1 1) (thickness 0.15)))
    )
    (fp_text user + (at -4.28 3.01) (layer F.SilkS)
      (effects (font (size 1 1) (thickness 0.15)))
    )
    (fp_text user %R (at 0 4.56) (layer F.Fab)
      (effects (font (size 1 1) (thickness 0.15)))
    )
    (pad 1 smd rect (at -2.7 0 180) (size 3.5 1.6) (layers F.Cu F.Paste F.Mask)
      (net 1 12V))
    (pad 2 smd rect (at 2.7 0 180) (size 3.5 1.6) (layers F.Cu F.Paste F.Mask)
      (net 5 GND))
    (model Capacitors_SMD.3dshapes/CP_Elec_6.3x5.8.wrl
      (at (xyz 0 0 0))
      (scale (xyz 1 1 1))
      (rotate (xyz 0 0 180))
    )
  )

  (module Capacitors_SMD:C_1206_HandSoldering (layer F.Cu) (tedit 58AA84D1) (tstamp 60B5B322)
    (at 114.075001 141.570001)
    (descr "Capacitor SMD 1206, hand soldering")
    (tags "capacitor 1206")
    (path /60AC8F91/60B7106C)
    (attr smd)
    (fp_text reference C15 (at 0 -1.75) (layer F.SilkS)
      (effects (font (size 1 1) (thickness 0.15)))
    )
    (fp_text value DNP (at 0 2) (layer F.Fab)
      (effects (font (size 1 1) (thickness 0.15)))
    )
    (fp_line (start -1.6 0.8) (end -1.6 -0.8) (layer F.Fab) (width 0.1))
    (fp_line (start 1.6 0.8) (end -1.6 0.8) (layer F.Fab) (width 0.1))
    (fp_line (start 1.6 -0.8) (end 1.6 0.8) (layer F.Fab) (width 0.1))
    (fp_line (start -1.6 -0.8) (end 1.6 -0.8) (layer F.Fab) (width 0.1))
    (fp_line (start 1 -1.02) (end -1 -1.02) (layer F.SilkS) (width 0.12))
    (fp_line (start -1 1.02) (end 1 1.02) (layer F.SilkS) (width 0.12))
    (fp_line (start -3.25 -1.05) (end 3.25 -1.05) (layer F.CrtYd) (width 0.05))
    (fp_line (start -3.25 -1.05) (end -3.25 1.05) (layer F.CrtYd) (width 0.05))
    (fp_line (start 3.25 1.05) (end 3.25 -1.05) (layer F.CrtYd) (width 0.05))
    (fp_line (start 3.25 1.05) (end -3.25 1.05) (layer F.CrtYd) (width 0.05))
    (fp_text user %R (at 0 -1.75) (layer F.Fab)
      (effects (font (size 1 1) (thickness 0.15)))
    )
    (pad 1 smd rect (at -2 0) (size 2 1.6) (layers F.Cu F.Paste F.Mask)
      (net 67 "Net-(C15-Pad1)"))
    (pad 2 smd rect (at 2 0) (size 2 1.6) (layers F.Cu F.Paste F.Mask)
      (net 68 "Net-(C15-Pad2)"))
    (model Capacitors_SMD.3dshapes/C_1206.wrl
      (at (xyz 0 0 0))
      (scale (xyz 1 1 1))
      (rotate (xyz 0 0 0))
    )
  )

  (module Capacitors_SMD:C_0603_HandSoldering (layer F.Cu) (tedit 58AA848B) (tstamp 60B5B333)
    (at 110.725001 155.685001)
    (descr "Capacitor SMD 0603, hand soldering")
    (tags "capacitor 0603")
    (path /60AC8F91/60B71066)
    (attr smd)
    (fp_text reference C16 (at 0 -1.25) (layer F.SilkS)
      (effects (font (size 1 1) (thickness 0.15)))
    )
    (fp_text value 4.7uF (at 0 1.5) (layer F.Fab)
      (effects (font (size 1 1) (thickness 0.15)))
    )
    (fp_line (start 1.8 0.65) (end -1.8 0.65) (layer F.CrtYd) (width 0.05))
    (fp_line (start 1.8 0.65) (end 1.8 -0.65) (layer F.CrtYd) (width 0.05))
    (fp_line (start -1.8 -0.65) (end -1.8 0.65) (layer F.CrtYd) (width 0.05))
    (fp_line (start -1.8 -0.65) (end 1.8 -0.65) (layer F.CrtYd) (width 0.05))
    (fp_line (start 0.35 0.6) (end -0.35 0.6) (layer F.SilkS) (width 0.12))
    (fp_line (start -0.35 -0.6) (end 0.35 -0.6) (layer F.SilkS) (width 0.12))
    (fp_line (start -0.8 -0.4) (end 0.8 -0.4) (layer F.Fab) (width 0.1))
    (fp_line (start 0.8 -0.4) (end 0.8 0.4) (layer F.Fab) (width 0.1))
    (fp_line (start 0.8 0.4) (end -0.8 0.4) (layer F.Fab) (width 0.1))
    (fp_line (start -0.8 0.4) (end -0.8 -0.4) (layer F.Fab) (width 0.1))
    (fp_text user %R (at 0 -1.25) (layer F.Fab)
      (effects (font (size 1 1) (thickness 0.15)))
    )
    (pad 2 smd rect (at 0.95 0) (size 1.2 0.75) (layers F.Cu F.Paste F.Mask)
      (net 68 "Net-(C15-Pad2)"))
    (pad 1 smd rect (at -0.95 0) (size 1.2 0.75) (layers F.Cu F.Paste F.Mask)
      (net 67 "Net-(C15-Pad1)"))
    (model Capacitors_SMD.3dshapes/C_0603.wrl
      (at (xyz 0 0 0))
      (scale (xyz 1 1 1))
      (rotate (xyz 0 0 0))
    )
  )

  (module Capacitors_SMD:C_0805_HandSoldering (layer F.Cu) (tedit 58AA84A8) (tstamp 60B5B344)
    (at 121.325001 140.700001)
    (descr "Capacitor SMD 0805, hand soldering")
    (tags "capacitor 0805")
    (path /60AC8F91/5F6356A5)
    (attr smd)
    (fp_text reference C4 (at 0 -1.75) (layer F.SilkS)
      (effects (font (size 1 1) (thickness 0.15)))
    )
    (fp_text value 22uF (at 0 1.75) (layer F.Fab)
      (effects (font (size 1 1) (thickness 0.15)))
    )
    (fp_line (start -1 0.62) (end -1 -0.62) (layer F.Fab) (width 0.1))
    (fp_line (start 1 0.62) (end -1 0.62) (layer F.Fab) (width 0.1))
    (fp_line (start 1 -0.62) (end 1 0.62) (layer F.Fab) (width 0.1))
    (fp_line (start -1 -0.62) (end 1 -0.62) (layer F.Fab) (width 0.1))
    (fp_line (start 0.5 -0.85) (end -0.5 -0.85) (layer F.SilkS) (width 0.12))
    (fp_line (start -0.5 0.85) (end 0.5 0.85) (layer F.SilkS) (width 0.12))
    (fp_line (start -2.25 -0.88) (end 2.25 -0.88) (layer F.CrtYd) (width 0.05))
    (fp_line (start -2.25 -0.88) (end -2.25 0.87) (layer F.CrtYd) (width 0.05))
    (fp_line (start 2.25 0.87) (end 2.25 -0.88) (layer F.CrtYd) (width 0.05))
    (fp_line (start 2.25 0.87) (end -2.25 0.87) (layer F.CrtYd) (width 0.05))
    (fp_text user %R (at 0 -1.75) (layer F.Fab)
      (effects (font (size 1 1) (thickness 0.15)))
    )
    (pad 1 smd rect (at -1.25 0) (size 1.5 1.25) (layers F.Cu F.Paste F.Mask)
      (net 1 12V))
    (pad 2 smd rect (at 1.25 0) (size 1.5 1.25) (layers F.Cu F.Paste F.Mask)
      (net 5 GND))
    (model Capacitors_SMD.3dshapes/C_0805.wrl
      (at (xyz 0 0 0))
      (scale (xyz 1 1 1))
      (rotate (xyz 0 0 0))
    )
  )

  (module Capacitors_SMD:C_0805_HandSoldering (layer F.Cu) (tedit 58AA84A8) (tstamp 60B5B355)
    (at 102.975001 153.100001)
    (descr "Capacitor SMD 0805, hand soldering")
    (tags "capacitor 0805")
    (path /60AC8F91/5F6356BA)
    (attr smd)
    (fp_text reference C6 (at 0 -1.75) (layer F.SilkS)
      (effects (font (size 1 1) (thickness 0.15)))
    )
    (fp_text value 0.1uF (at 0 1.75) (layer F.Fab)
      (effects (font (size 1 1) (thickness 0.15)))
    )
    (fp_line (start 2.25 0.87) (end -2.25 0.87) (layer F.CrtYd) (width 0.05))
    (fp_line (start 2.25 0.87) (end 2.25 -0.88) (layer F.CrtYd) (width 0.05))
    (fp_line (start -2.25 -0.88) (end -2.25 0.87) (layer F.CrtYd) (width 0.05))
    (fp_line (start -2.25 -0.88) (end 2.25 -0.88) (layer F.CrtYd) (width 0.05))
    (fp_line (start -0.5 0.85) (end 0.5 0.85) (layer F.SilkS) (width 0.12))
    (fp_line (start 0.5 -0.85) (end -0.5 -0.85) (layer F.SilkS) (width 0.12))
    (fp_line (start -1 -0.62) (end 1 -0.62) (layer F.Fab) (width 0.1))
    (fp_line (start 1 -0.62) (end 1 0.62) (layer F.Fab) (width 0.1))
    (fp_line (start 1 0.62) (end -1 0.62) (layer F.Fab) (width 0.1))
    (fp_line (start -1 0.62) (end -1 -0.62) (layer F.Fab) (width 0.1))
    (fp_text user %R (at 0 -1.75) (layer F.Fab)
      (effects (font (size 1 1) (thickness 0.15)))
    )
    (pad 2 smd rect (at 1.25 0) (size 1.5 1.25) (layers F.Cu F.Paste F.Mask)
      (net 5 GND))
    (pad 1 smd rect (at -1.25 0) (size 1.5 1.25) (layers F.Cu F.Paste F.Mask)
      (net 1 12V))
    (model Capacitors_SMD.3dshapes/C_0805.wrl
      (at (xyz 0 0 0))
      (scale (xyz 1 1 1))
      (rotate (xyz 0 0 0))
    )
  )

  (module Capacitors_SMD:C_1206_HandSoldering (layer F.Cu) (tedit 58AA84D1) (tstamp 60B5B366)
    (at 77.225001 159.530001)
    (descr "Capacitor SMD 1206, hand soldering")
    (tags "capacitor 1206")
    (path /60AC8F91/60B710AF)
    (attr smd)
    (fp_text reference C17 (at 0 -1.75) (layer F.SilkS)
      (effects (font (size 1 1) (thickness 0.15)))
    )
    (fp_text value 470nF (at 0 2) (layer F.Fab)
      (effects (font (size 1 1) (thickness 0.15)))
    )
    (fp_line (start -1.6 0.8) (end -1.6 -0.8) (layer F.Fab) (width 0.1))
    (fp_line (start 1.6 0.8) (end -1.6 0.8) (layer F.Fab) (width 0.1))
    (fp_line (start 1.6 -0.8) (end 1.6 0.8) (layer F.Fab) (width 0.1))
    (fp_line (start -1.6 -0.8) (end 1.6 -0.8) (layer F.Fab) (width 0.1))
    (fp_line (start 1 -1.02) (end -1 -1.02) (layer F.SilkS) (width 0.12))
    (fp_line (start -1 1.02) (end 1 1.02) (layer F.SilkS) (width 0.12))
    (fp_line (start -3.25 -1.05) (end 3.25 -1.05) (layer F.CrtYd) (width 0.05))
    (fp_line (start -3.25 -1.05) (end -3.25 1.05) (layer F.CrtYd) (width 0.05))
    (fp_line (start 3.25 1.05) (end 3.25 -1.05) (layer F.CrtYd) (width 0.05))
    (fp_line (start 3.25 1.05) (end -3.25 1.05) (layer F.CrtYd) (width 0.05))
    (fp_text user %R (at 0 -1.75) (layer F.Fab)
      (effects (font (size 1 1) (thickness 0.15)))
    )
    (pad 1 smd rect (at -2 0) (size 2 1.6) (layers F.Cu F.Paste F.Mask)
      (net 5 GND))
    (pad 2 smd rect (at 2 0) (size 2 1.6) (layers F.Cu F.Paste F.Mask)
      (net 8 "Net-(C17-Pad2)"))
    (model Capacitors_SMD.3dshapes/C_1206.wrl
      (at (xyz 0 0 0))
      (scale (xyz 1 1 1))
      (rotate (xyz 0 0 0))
    )
  )

  (module Capacitors_SMD:C_1206_HandSoldering (layer F.Cu) (tedit 58AA84D1) (tstamp 60B5B377)
    (at 96.425001 154.200001)
    (descr "Capacitor SMD 1206, hand soldering")
    (tags "capacitor 1206")
    (path /60AC8F91/60B710A3)
    (attr smd)
    (fp_text reference C18 (at 0 -1.75) (layer F.SilkS)
      (effects (font (size 1 1) (thickness 0.15)))
    )
    (fp_text value DNP (at 0 2) (layer F.Fab)
      (effects (font (size 1 1) (thickness 0.15)))
    )
    (fp_line (start 3.25 1.05) (end -3.25 1.05) (layer F.CrtYd) (width 0.05))
    (fp_line (start 3.25 1.05) (end 3.25 -1.05) (layer F.CrtYd) (width 0.05))
    (fp_line (start -3.25 -1.05) (end -3.25 1.05) (layer F.CrtYd) (width 0.05))
    (fp_line (start -3.25 -1.05) (end 3.25 -1.05) (layer F.CrtYd) (width 0.05))
    (fp_line (start -1 1.02) (end 1 1.02) (layer F.SilkS) (width 0.12))
    (fp_line (start 1 -1.02) (end -1 -1.02) (layer F.SilkS) (width 0.12))
    (fp_line (start -1.6 -0.8) (end 1.6 -0.8) (layer F.Fab) (width 0.1))
    (fp_line (start 1.6 -0.8) (end 1.6 0.8) (layer F.Fab) (width 0.1))
    (fp_line (start 1.6 0.8) (end -1.6 0.8) (layer F.Fab) (width 0.1))
    (fp_line (start -1.6 0.8) (end -1.6 -0.8) (layer F.Fab) (width 0.1))
    (fp_text user %R (at 0 -1.75) (layer F.Fab)
      (effects (font (size 1 1) (thickness 0.15)))
    )
    (pad 2 smd rect (at 2 0) (size 2 1.6) (layers F.Cu F.Paste F.Mask)
      (net 69 "Net-(C18-Pad2)"))
    (pad 1 smd rect (at -2 0) (size 2 1.6) (layers F.Cu F.Paste F.Mask)
      (net 5 GND))
    (model Capacitors_SMD.3dshapes/C_1206.wrl
      (at (xyz 0 0 0))
      (scale (xyz 1 1 1))
      (rotate (xyz 0 0 0))
    )
  )

  (module Capacitors_SMD:C_0603_HandSoldering (layer F.Cu) (tedit 58AA848B) (tstamp 60B5B388)
    (at 105.175001 161.325001)
    (descr "Capacitor SMD 0603, hand soldering")
    (tags "capacitor 0603")
    (path /60AC8F91/60B710A9)
    (attr smd)
    (fp_text reference C19 (at 0 -1.25) (layer F.SilkS)
      (effects (font (size 1 1) (thickness 0.15)))
    )
    (fp_text value 4.7uF (at 0 1.5) (layer F.Fab)
      (effects (font (size 1 1) (thickness 0.15)))
    )
    (fp_line (start 1.8 0.65) (end -1.8 0.65) (layer F.CrtYd) (width 0.05))
    (fp_line (start 1.8 0.65) (end 1.8 -0.65) (layer F.CrtYd) (width 0.05))
    (fp_line (start -1.8 -0.65) (end -1.8 0.65) (layer F.CrtYd) (width 0.05))
    (fp_line (start -1.8 -0.65) (end 1.8 -0.65) (layer F.CrtYd) (width 0.05))
    (fp_line (start 0.35 0.6) (end -0.35 0.6) (layer F.SilkS) (width 0.12))
    (fp_line (start -0.35 -0.6) (end 0.35 -0.6) (layer F.SilkS) (width 0.12))
    (fp_line (start -0.8 -0.4) (end 0.8 -0.4) (layer F.Fab) (width 0.1))
    (fp_line (start 0.8 -0.4) (end 0.8 0.4) (layer F.Fab) (width 0.1))
    (fp_line (start 0.8 0.4) (end -0.8 0.4) (layer F.Fab) (width 0.1))
    (fp_line (start -0.8 0.4) (end -0.8 -0.4) (layer F.Fab) (width 0.1))
    (fp_text user %R (at 0 -1.25) (layer F.Fab)
      (effects (font (size 1 1) (thickness 0.15)))
    )
    (pad 2 smd rect (at 0.95 0) (size 1.2 0.75) (layers F.Cu F.Paste F.Mask)
      (net 69 "Net-(C18-Pad2)"))
    (pad 1 smd rect (at -0.95 0) (size 1.2 0.75) (layers F.Cu F.Paste F.Mask)
      (net 5 GND))
    (model Capacitors_SMD.3dshapes/C_0603.wrl
      (at (xyz 0 0 0))
      (scale (xyz 1 1 1))
      (rotate (xyz 0 0 0))
    )
  )

  (module Capacitors_SMD:C_0805_HandSoldering (layer F.Cu) (tedit 58AA84A8) (tstamp 60B5B399)
    (at 113.075001 144.560001)
    (descr "Capacitor SMD 0805, hand soldering")
    (tags "capacitor 0805")
    (path /60AC8F91/60B710B5)
    (attr smd)
    (fp_text reference C20 (at 0 -1.75) (layer F.SilkS)
      (effects (font (size 1 1) (thickness 0.15)))
    )
    (fp_text value 22uF (at 0 1.75) (layer F.Fab)
      (effects (font (size 1 1) (thickness 0.15)))
    )
    (fp_line (start 2.25 0.87) (end -2.25 0.87) (layer F.CrtYd) (width 0.05))
    (fp_line (start 2.25 0.87) (end 2.25 -0.88) (layer F.CrtYd) (width 0.05))
    (fp_line (start -2.25 -0.88) (end -2.25 0.87) (layer F.CrtYd) (width 0.05))
    (fp_line (start -2.25 -0.88) (end 2.25 -0.88) (layer F.CrtYd) (width 0.05))
    (fp_line (start -0.5 0.85) (end 0.5 0.85) (layer F.SilkS) (width 0.12))
    (fp_line (start 0.5 -0.85) (end -0.5 -0.85) (layer F.SilkS) (width 0.12))
    (fp_line (start -1 -0.62) (end 1 -0.62) (layer F.Fab) (width 0.1))
    (fp_line (start 1 -0.62) (end 1 0.62) (layer F.Fab) (width 0.1))
    (fp_line (start 1 0.62) (end -1 0.62) (layer F.Fab) (width 0.1))
    (fp_line (start -1 0.62) (end -1 -0.62) (layer F.Fab) (width 0.1))
    (fp_text user %R (at 0 -1.75) (layer F.Fab)
      (effects (font (size 1 1) (thickness 0.15)))
    )
    (pad 2 smd rect (at 1.25 0) (size 1.5 1.25) (layers F.Cu F.Paste F.Mask)
      (net 8 "Net-(C17-Pad2)"))
    (pad 1 smd rect (at -1.25 0) (size 1.5 1.25) (layers F.Cu F.Paste F.Mask)
      (net 5 GND))
    (model Capacitors_SMD.3dshapes/C_0805.wrl
      (at (xyz 0 0 0))
      (scale (xyz 1 1 1))
      (rotate (xyz 0 0 0))
    )
  )

  (module Capacitors_SMD:C_1206_HandSoldering (layer F.Cu) (tedit 58AA84D1) (tstamp 60B5B3AA)
    (at 77.225001 156.370001)
    (descr "Capacitor SMD 1206, hand soldering")
    (tags "capacitor 1206")
    (path /60AC8F91/60B710E9)
    (attr smd)
    (fp_text reference C21 (at 0 -1.75) (layer F.SilkS)
      (effects (font (size 1 1) (thickness 0.15)))
    )
    (fp_text value DNP (at 0 2) (layer F.Fab)
      (effects (font (size 1 1) (thickness 0.15)))
    )
    (fp_line (start 3.25 1.05) (end -3.25 1.05) (layer F.CrtYd) (width 0.05))
    (fp_line (start 3.25 1.05) (end 3.25 -1.05) (layer F.CrtYd) (width 0.05))
    (fp_line (start -3.25 -1.05) (end -3.25 1.05) (layer F.CrtYd) (width 0.05))
    (fp_line (start -3.25 -1.05) (end 3.25 -1.05) (layer F.CrtYd) (width 0.05))
    (fp_line (start -1 1.02) (end 1 1.02) (layer F.SilkS) (width 0.12))
    (fp_line (start 1 -1.02) (end -1 -1.02) (layer F.SilkS) (width 0.12))
    (fp_line (start -1.6 -0.8) (end 1.6 -0.8) (layer F.Fab) (width 0.1))
    (fp_line (start 1.6 -0.8) (end 1.6 0.8) (layer F.Fab) (width 0.1))
    (fp_line (start 1.6 0.8) (end -1.6 0.8) (layer F.Fab) (width 0.1))
    (fp_line (start -1.6 0.8) (end -1.6 -0.8) (layer F.Fab) (width 0.1))
    (fp_text user %R (at 0 -1.75) (layer F.Fab)
      (effects (font (size 1 1) (thickness 0.15)))
    )
    (pad 2 smd rect (at 2 0) (size 2 1.6) (layers F.Cu F.Paste F.Mask)
      (net 8 "Net-(C17-Pad2)"))
    (pad 1 smd rect (at -2 0) (size 2 1.6) (layers F.Cu F.Paste F.Mask)
      (net 5 GND))
    (model Capacitors_SMD.3dshapes/C_1206.wrl
      (at (xyz 0 0 0))
      (scale (xyz 1 1 1))
      (rotate (xyz 0 0 0))
    )
  )

  (module Capacitors_SMD:C_0805_HandSoldering (layer F.Cu) (tedit 58AA84A8) (tstamp 60B5B3BB)
    (at 100.075001 157.190001)
    (descr "Capacitor SMD 0805, hand soldering")
    (tags "capacitor 0805")
    (path /60AC8F91/5F68708A)
    (attr smd)
    (fp_text reference C8 (at 0 -1.75) (layer F.SilkS)
      (effects (font (size 1 1) (thickness 0.15)))
    )
    (fp_text value 22uF (at 0 1.75) (layer F.Fab)
      (effects (font (size 1 1) (thickness 0.15)))
    )
    (fp_line (start -1 0.62) (end -1 -0.62) (layer F.Fab) (width 0.1))
    (fp_line (start 1 0.62) (end -1 0.62) (layer F.Fab) (width 0.1))
    (fp_line (start 1 -0.62) (end 1 0.62) (layer F.Fab) (width 0.1))
    (fp_line (start -1 -0.62) (end 1 -0.62) (layer F.Fab) (width 0.1))
    (fp_line (start 0.5 -0.85) (end -0.5 -0.85) (layer F.SilkS) (width 0.12))
    (fp_line (start -0.5 0.85) (end 0.5 0.85) (layer F.SilkS) (width 0.12))
    (fp_line (start -2.25 -0.88) (end 2.25 -0.88) (layer F.CrtYd) (width 0.05))
    (fp_line (start -2.25 -0.88) (end -2.25 0.87) (layer F.CrtYd) (width 0.05))
    (fp_line (start 2.25 0.87) (end 2.25 -0.88) (layer F.CrtYd) (width 0.05))
    (fp_line (start 2.25 0.87) (end -2.25 0.87) (layer F.CrtYd) (width 0.05))
    (fp_text user %R (at 0 -1.75) (layer F.Fab)
      (effects (font (size 1 1) (thickness 0.15)))
    )
    (pad 1 smd rect (at -1.25 0) (size 1.5 1.25) (layers F.Cu F.Paste F.Mask)
      (net 7 3V3D))
