(kicad_pcb (version 20171130) (host pcbnew "(5.1.6-0-10_14)")

  (general
    (thickness 1.6)
    (drawings 0)
    (tracks 0)
    (zones 0)
    (modules 88)
    (nets 55)
  )

  (page A4)
  (layers
    (0 F.Cu signal)
    (31 B.Cu signal)
    (32 B.Adhes user)
    (33 F.Adhes user)
    (34 B.Paste user)
    (35 F.Paste user)
    (36 B.SilkS user)
    (37 F.SilkS user)
    (38 B.Mask user)
    (39 F.Mask user)
    (40 Dwgs.User user)
    (41 Cmts.User user)
    (42 Eco1.User user)
    (43 Eco2.User user)
    (44 Edge.Cuts user)
    (45 Margin user)
    (46 B.CrtYd user)
    (47 F.CrtYd user)
    (48 B.Fab user)
    (49 F.Fab user)
  )

  (setup
    (last_trace_width 0.25)
    (trace_clearance 0.2)
    (zone_clearance 0.508)
    (zone_45_only no)
    (trace_min 0.2)
    (via_size 0.8)
    (via_drill 0.4)
    (via_min_size 0.4)
    (via_min_drill 0.3)
    (uvia_size 0.3)
    (uvia_drill 0.1)
    (uvias_allowed no)
    (uvia_min_size 0.2)
    (uvia_min_drill 0.1)
    (edge_width 0.1)
    (segment_width 0.2)
    (pcb_text_width 0.3)
    (pcb_text_size 1.5 1.5)
    (mod_edge_width 0.15)
    (mod_text_size 1 1)
    (mod_text_width 0.15)
    (pad_size 1.7 1.7)
    (pad_drill 1)
    (pad_to_mask_clearance 0)
    (aux_axis_origin 0 0)
    (visible_elements FFFFFF7F)
    (pcbplotparams
      (layerselection 0x010fc_ffffffff)
      (usegerberextensions false)
      (usegerberattributes true)
      (usegerberadvancedattributes true)
      (creategerberjobfile true)
      (excludeedgelayer true)
      (linewidth 0.100000)
      (plotframeref false)
      (viasonmask false)
      (mode 1)
      (useauxorigin false)
      (hpglpennumber 1)
      (hpglpenspeed 20)
      (hpglpendiameter 15.000000)
      (psnegative false)
      (psa4output false)
      (plotreference true)
      (plotvalue true)
      (plotinvisibletext false)
      (padsonsilk false)
      (subtractmaskfromsilk false)
      (outputformat 1)
      (mirror false)
      (drillshape 1)
      (scaleselection 1)
      (outputdirectory ""))
  )

  (net 0 "")
  (net 1 12V)
  (net 2 GND)
  (net 3 3V3A)
  (net 4 3V3D)
  (net 5 5V_UPS)
  (net 6 12V_BD_VIN)
  (net 7 /SheetSupercap/BD_BOOT)
  (net 8 /SheetSupercap/BD_SW)
  (net 9 I2C_SCL)
  (net 10 I2C_SDA)
  (net 11 THERM_R_SWITCH)
  (net 12 MUX_SELECT)
  (net 13 MUX_S3)
  (net 14 AMP_GAIN_SW)
  (net 15 /3V3_RASP)
  (net 16 MUX_S2)
  (net 17 MUX_S1)
  (net 18 ADC_DRDY)
  (net 19 MUX_S0)
  (net 20 "Net-(Q1-Pad1)")
  (net 21 "Net-(Q2-Pad1)")
  (net 22 "Net-(Q3-Pad1)")
  (net 23 VIN_SENSE)
  (net 24 /SheetSupercap/BD_FB)
  (net 25 "Net-(C18-Pad2)")
  (net 26 "Net-(FAN1-Pad2)")
  (net 27 "Net-(HLID1-Pad2)")
  (net 28 "Net-(HWELL1-Pad2)")
  (net 29 /FAN)
  (net 30 /WELL_HEATER)
  (net 31 /LID_HEATER)
  (net 32 "Net-(D2-Pad1)")
  (net 33 DOPEN)
  (net 34 DLOCK)
  (net 35 "Net-(LOCK1-Pad2)")
  (net 36 "Net-(Q4-Pad1)")
  (net 37 "Net-(C18-Pad1)")
  (net 38 "Net-(C19-Pad2)")
  (net 39 "Net-(C20-Pad2)")
  (net 40 "Net-(C21-Pad2)")
  (net 41 "Net-(C24-Pad1)")
  (net 42 "Net-(C25-Pad1)")
  (net 43 /GPIO29)
  (net 44 /GPIO13)
  (net 45 /GPIO26)
  (net 46 /GPIO22)
  (net 47 /GPIO28)
  (net 48 /GPIO25)
  (net 49 /GPIO12)
  (net 50 /GPIO14)
  (net 51 /GPIO3)
  (net 52 "Net-(HLID2-Pad2)")
  (net 53 "Net-(HWELL2-Pad2)")
  (net 54 "Net-(C1-Pad1)")

  (net_class Default "This is the default net class."
    (clearance 0.2)
    (trace_width 0.25)
    (via_dia 0.8)
    (via_drill 0.4)
    (uvia_dia 0.3)
    (uvia_drill 0.1)
    (add_net /3V3_RASP)
    (add_net /FAN)
    (add_net /GPIO12)
    (add_net /GPIO13)
    (add_net /GPIO14)
    (add_net /GPIO22)
    (add_net /GPIO25)
    (add_net /GPIO26)
    (add_net /GPIO28)
    (add_net /GPIO29)
    (add_net /GPIO3)
    (add_net /LID_HEATER)
    (add_net /SheetSupercap/BD_BOOT)
    (add_net /SheetSupercap/BD_FB)
    (add_net /SheetSupercap/BD_SW)
    (add_net /WELL_HEATER)
    (add_net 12V)
    (add_net 12V_BD_VIN)
    (add_net 3V3A)
    (add_net 3V3D)
    (add_net 5V_UPS)
    (add_net ADC_DRDY)
    (add_net AMP_GAIN_SW)
    (add_net DLOCK)
    (add_net DOPEN)
    (add_net GND)
    (add_net I2C_SCL)
    (add_net I2C_SDA)
    (add_net MUX_S0)
    (add_net MUX_S1)
    (add_net MUX_S2)
    (add_net MUX_S3)
    (add_net MUX_SELECT)
    (add_net "Net-(C1-Pad1)")
    (add_net "Net-(C18-Pad1)")
    (add_net "Net-(C18-Pad2)")
    (add_net "Net-(C19-Pad2)")
    (add_net "Net-(C20-Pad2)")
    (add_net "Net-(C21-Pad2)")
    (add_net "Net-(C24-Pad1)")
    (add_net "Net-(C25-Pad1)")
    (add_net "Net-(D2-Pad1)")
    (add_net "Net-(FAN1-Pad2)")
    (add_net "Net-(HLID1-Pad2)")
    (add_net "Net-(HLID2-Pad2)")
    (add_net "Net-(HWELL1-Pad2)")
    (add_net "Net-(HWELL2-Pad2)")
    (add_net "Net-(LOCK1-Pad2)")
    (add_net "Net-(Q1-Pad1)")
    (add_net "Net-(Q2-Pad1)")
    (add_net "Net-(Q3-Pad1)")
    (add_net "Net-(Q4-Pad1)")
    (add_net THERM_R_SWITCH)
    (add_net VIN_SENSE)
  )

  (module Capacitors_SMD:C_0805_HandSoldering (layer F.Cu) (tedit 58AA84A8) (tstamp 60B5B262)
    (at 126.605001 223.530001)
    (descr "Capacitor SMD 0805, hand soldering")
    (tags "capacitor 0805")
    (path /60AC8F91/5F62F266)
    (attr smd)
    (fp_text reference C3 (at 0 -1.75) (layer F.SilkS)
      (effects (font (size 1 1) (thickness 0.15)))
    )
    (fp_text value 4.7uF (at 0 1.75) (layer F.Fab)
      (effects (font (size 1 1) (thickness 0.15)))
    )
    (fp_line (start -1 0.62) (end -1 -0.62) (layer F.Fab) (width 0.1))
    (fp_line (start 1 0.62) (end -1 0.62) (layer F.Fab) (width 0.1))
    (fp_line (start 1 -0.62) (end 1 0.62) (layer F.Fab) (width 0.1))
    (fp_line (start -1 -0.62) (end 1 -0.62) (layer F.Fab) (width 0.1))
    (fp_line (start 0.5 -0.85) (end -0.5 -0.85) (layer F.SilkS) (width 0.12))
    (fp_line (start -0.5 0.85) (end 0.5 0.85) (layer F.SilkS) (width 0.12))
    (fp_line (start -2.25 -0.88) (end 2.25 -0.88) (layer F.CrtYd) (width 0.05))
    (fp_line (start -2.25 -0.88) (end -2.25 0.87) (layer F.CrtYd) (width 0.05))
    (fp_line (start 2.25 0.87) (end 2.25 -0.88) (layer F.CrtYd) (width 0.05))
    (fp_line (start 2.25 0.87) (end -2.25 0.87) (layer F.CrtYd) (width 0.05))
    (fp_text user %R (at 0 -1.75) (layer F.Fab)
      (effects (font (size 1 1) (thickness 0.15)))
    )
    (pad 2 smd rect (at 1.25 0) (size 1.5 1.25) (layers F.Cu F.Paste F.Mask)
      (net 2 GND))
    (pad 1 smd rect (at -1.25 0) (size 1.5 1.25) (layers F.Cu F.Paste F.Mask)
      (net 1 12V))
    (model Capacitors_SMD.3dshapes/C_0805.wrl
      (at (xyz 0 0 0))
      (scale (xyz 1 1 1))
      (rotate (xyz 0 0 0))
    )
  )

  (module Capacitors_SMD:C_0603_HandSoldering (layer F.Cu) (tedit 58AA848B) (tstamp 60B5B284)
    (at 122.125001 234.185001)
    (descr "Capacitor SMD 0603, hand soldering")
    (tags "capacitor 0603")
    (path /60AC8F91/5F62F290)
    (attr smd)
    (fp_text reference C7 (at 0 -1.25) (layer F.SilkS)
      (effects (font (size 1 1) (thickness 0.15)))
    )
    (fp_text value 0.01uF (at 0 1.5) (layer F.Fab)
      (effects (font (size 1 1) (thickness 0.15)))
    )
    (fp_line (start 1.8 0.65) (end -1.8 0.65) (layer F.CrtYd) (width 0.05))
    (fp_line (start 1.8 0.65) (end 1.8 -0.65) (layer F.CrtYd) (width 0.05))
    (fp_line (start -1.8 -0.65) (end -1.8 0.65) (layer F.CrtYd) (width 0.05))
    (fp_line (start -1.8 -0.65) (end 1.8 -0.65) (layer F.CrtYd) (width 0.05))
    (fp_line (start 0.35 0.6) (end -0.35 0.6) (layer F.SilkS) (width 0.12))
    (fp_line (start -0.35 -0.6) (end 0.35 -0.6) (layer F.SilkS) (width 0.12))
    (fp_line (start -0.8 -0.4) (end 0.8 -0.4) (layer F.Fab) (width 0.1))
    (fp_line (start 0.8 -0.4) (end 0.8 0.4) (layer F.Fab) (width 0.1))
    (fp_line (start 0.8 0.4) (end -0.8 0.4) (layer F.Fab) (width 0.1))
    (fp_line (start -0.8 0.4) (end -0.8 -0.4) (layer F.Fab) (width 0.1))
    (fp_text user %R (at 0 -1.25) (layer F.Fab)
      (effects (font (size 1 1) (thickness 0.15)))
    )
    (pad 1 smd rect (at -0.95 0) (size 1.2 0.75) (layers F.Cu F.Paste F.Mask)
      (net 1 12V))
    (pad 2 smd rect (at 0.95 0) (size 1.2 0.75) (layers F.Cu F.Paste F.Mask)
      (net 2 GND))
    (model Capacitors_SMD.3dshapes/C_0603.wrl
      (at (xyz 0 0 0))
      (scale (xyz 1 1 1))
      (rotate (xyz 0 0 0))
    )
  )

  (module Capacitors_SMD:C_0805_HandSoldering (layer F.Cu) (tedit 58AA84A8) (tstamp 60B5B2C2)
    (at 117.025001 234.890001)
    (descr "Capacitor SMD 0805, hand soldering")
    (tags "capacitor 0805")
    (path /60AC8F91/5F69D100)
    (attr smd)
    (fp_text reference C11 (at 0 -1.75) (layer F.SilkS)
      (effects (font (size 1 1) (thickness 0.15)))
    )
    (fp_text value 4.7uF (at 0 1.75) (layer F.Fab)
      (effects (font (size 1 1) (thickness 0.15)))
    )
    (fp_line (start 2.25 0.87) (end -2.25 0.87) (layer F.CrtYd) (width 0.05))
    (fp_line (start 2.25 0.87) (end 2.25 -0.88) (layer F.CrtYd) (width 0.05))
    (fp_line (start -2.25 -0.88) (end -2.25 0.87) (layer F.CrtYd) (width 0.05))
    (fp_line (start -2.25 -0.88) (end 2.25 -0.88) (layer F.CrtYd) (width 0.05))
    (fp_line (start -0.5 0.85) (end 0.5 0.85) (layer F.SilkS) (width 0.12))
    (fp_line (start 0.5 -0.85) (end -0.5 -0.85) (layer F.SilkS) (width 0.12))
    (fp_line (start -1 -0.62) (end 1 -0.62) (layer F.Fab) (width 0.1))
    (fp_line (start 1 -0.62) (end 1 0.62) (layer F.Fab) (width 0.1))
    (fp_line (start 1 0.62) (end -1 0.62) (layer F.Fab) (width 0.1))
    (fp_line (start -1 0.62) (end -1 -0.62) (layer F.Fab) (width 0.1))
    (fp_text user %R (at 0 -1.75) (layer F.Fab)
      (effects (font (size 1 1) (thickness 0.15)))
    )
    (pad 1 smd rect (at -1.25 0) (size 1.5 1.25) (layers F.Cu F.Paste F.Mask)
      (net 3 3V3A))
    (pad 2 smd rect (at 1.25 0) (size 1.5 1.25) (layers F.Cu F.Paste F.Mask)
      (net 2 GND))
    (model Capacitors_SMD.3dshapes/C_0805.wrl
      (at (xyz 0 0 0))
      (scale (xyz 1 1 1))
      (rotate (xyz 0 0 0))
    )
  )

  (module Capacitors_SMD:C_0805_HandSoldering (layer F.Cu) (tedit 58AA84A8) (tstamp 60B5B344)
    (at 132.725001 216.850001)
    (descr "Capacitor SMD 0805, hand soldering")
    (tags "capacitor 0805")
    (path /60AC8F91/5F6356A5)
    (attr smd)
    (fp_text reference C4 (at 0 -1.75) (layer F.SilkS)
      (effects (font (size 1 1) (thickness 0.15)))
    )
    (fp_text value 22uF (at 0 1.75) (layer F.Fab)
      (effects (font (size 1 1) (thickness 0.15)))
    )
    (fp_line (start 2.25 0.87) (end -2.25 0.87) (layer F.CrtYd) (width 0.05))
    (fp_line (start 2.25 0.87) (end 2.25 -0.88) (layer F.CrtYd) (width 0.05))
    (fp_line (start -2.25 -0.88) (end -2.25 0.87) (layer F.CrtYd) (width 0.05))
    (fp_line (start -2.25 -0.88) (end 2.25 -0.88) (layer F.CrtYd) (width 0.05))
    (fp_line (start -0.5 0.85) (end 0.5 0.85) (layer F.SilkS) (width 0.12))
    (fp_line (start 0.5 -0.85) (end -0.5 -0.85) (layer F.SilkS) (width 0.12))
    (fp_line (start -1 -0.62) (end 1 -0.62) (layer F.Fab) (width 0.1))
    (fp_line (start 1 -0.62) (end 1 0.62) (layer F.Fab) (width 0.1))
    (fp_line (start 1 0.62) (end -1 0.62) (layer F.Fab) (width 0.1))
    (fp_line (start -1 0.62) (end -1 -0.62) (layer F.Fab) (width 0.1))
    (fp_text user %R (at 0 -1.75) (layer F.Fab)
      (effects (font (size 1 1) (thickness 0.15)))
    )
    (pad 1 smd rect (at -1.25 0) (size 1.5 1.25) (layers F.Cu F.Paste F.Mask)
      (net 1 12V))
    (pad 2 smd rect (at 1.25 0) (size 1.5 1.25) (layers F.Cu F.Paste F.Mask)
      (net 2 GND))
    (model Capacitors_SMD.3dshapes/C_0805.wrl
      (at (xyz 0 0 0))
      (scale (xyz 1 1 1))
      (rotate (xyz 0 0 0))
    )
  )

  (module Capacitors_SMD:C_0805_HandSoldering (layer F.Cu) (tedit 58AA84A8) (tstamp 60B5B3BB)
    (at 111.475001 233.340001)
    (descr "Capacitor SMD 0805, hand soldering")
    (tags "capacitor 0805")
    (path /60AC8F91/5F68708A)
    (attr smd)
    (fp_text reference C8 (at 0 -1.75) (layer F.SilkS)
      (effects (font (size 1 1) (thickness 0.15)))
    )
    (fp_text value 22uF (at 0 1.75) (layer F.Fab)
      (effects (font (size 1 1) (thickness 0.15)))
    )
    (fp_line (start 2.25 0.87) (end -2.25 0.87) (layer F.CrtYd) (width 0.05))
    (fp_line (start 2.25 0.87) (end 2.25 -0.88) (layer F.CrtYd) (width 0.05))
    (fp_line (start -2.25 -0.88) (end -2.25 0.87) (layer F.CrtYd) (width 0.05))
    (fp_line (start -2.25 -0.88) (end 2.25 -0.88) (layer F.CrtYd) (width 0.05))
    (fp_line (start -0.5 0.85) (end 0.5 0.85) (layer F.SilkS) (width 0.12))
    (fp_line (start 0.5 -0.85) (end -0.5 -0.85) (layer F.SilkS) (width 0.12))
    (fp_line (start -1 -0.62) (end 1 -0.62) (layer F.Fab) (width 0.1))
    (fp_line (start 1 -0.62) (end 1 0.62) (layer F.Fab) (width 0.1))
    (fp_line (start 1 0.62) (end -1 0.62) (layer F.Fab) (width 0.1))
    (fp_line (start -1 0.62) (end -1 -0.62) (layer F.Fab) (width 0.1))
    (fp_text user %R (at 0 -1.75) (layer F.Fab)
      (effects (font (size 1 1) (thickness 0.15)))
    )
    (pad 1 smd rect (at -1.25 0) (size 1.5 1.25) (layers F.Cu F.Paste F.Mask)
      (net 4 3V3D))
    (pad 2 smd rect (at 1.25 0) (size 1.5 1.25) (layers F.Cu F.Paste F.Mask)
      (net 2 GND))
    (model Capacitors_SMD.3dshapes/C_0805.wrl
      (at (xyz 0 0 0))
      (scale (xyz 1 1 1))
      (rotate (xyz 0 0 0))
    )
  )

  (module Capacitors_SMD:C_0805_HandSoldering (layer F.Cu) (tedit 58AA84A8) (tstamp 60B5B437)
    (at 196.005001 223.660001)
    (descr "Capacitor SMD 0805, hand soldering")
    (tags "capacitor 0805")
    (path /60B81B0D/60BB4D90)
    (attr smd)
    (fp_text reference C15 (at 0 -1.75) (layer F.SilkS)
      (effects (font (size 1 1) (thickness 0.15)))
    )
    (fp_text value 4.7uF (at 0 1.75) (layer F.Fab)
      (effects (font (size 1 1) (thickness 0.15)))
    )
    (fp_line (start 2.25 0.87) (end -2.25 0.87) (layer F.CrtYd) (width 0.05))
    (fp_line (start 2.25 0.87) (end 2.25 -0.88) (layer F.CrtYd) (width 0.05))
    (fp_line (start -2.25 -0.88) (end -2.25 0.87) (layer F.CrtYd) (width 0.05))
    (fp_line (start -2.25 -0.88) (end 2.25 -0.88) (layer F.CrtYd) (width 0.05))
    (fp_line (start -0.5 0.85) (end 0.5 0.85) (layer F.SilkS) (width 0.12))
    (fp_line (start 0.5 -0.85) (end -0.5 -0.85) (layer F.SilkS) (width 0.12))
    (fp_line (start -1 -0.62) (end 1 -0.62) (layer F.Fab) (width 0.1))
    (fp_line (start 1 -0.62) (end 1 0.62) (layer F.Fab) (width 0.1))
    (fp_line (start 1 0.62) (end -1 0.62) (layer F.Fab) (width 0.1))
    (fp_line (start -1 0.62) (end -1 -0.62) (layer F.Fab) (width 0.1))
    (fp_text user %R (at 0 -1.75) (layer F.Fab)
      (effects (font (size 1 1) (thickness 0.15)))
    )
    (pad 1 smd rect (at -1.25 0) (size 1.5 1.25) (layers F.Cu F.Paste F.Mask)
      (net 6 12V_BD_VIN))
    (pad 2 smd rect (at 1.25 0) (size 1.5 1.25) (layers F.Cu F.Paste F.Mask)
      (net 2 GND))
    (model Capacitors_SMD.3dshapes/C_0805.wrl
      (at (xyz 0 0 0))
      (scale (xyz 1 1 1))
      (rotate (xyz 0 0 0))
    )
  )

  (module Capacitors_SMD:C_0805_HandSoldering (layer F.Cu) (tedit 58AA84A8) (tstamp 60B5B448)
    (at 214.765001 225.520001)
    (descr "Capacitor SMD 0805, hand soldering")
    (tags "capacitor 0805")
    (path /60B81B0D/60BB4D9D)
    (attr smd)
    (fp_text reference C16 (at 0 -1.75) (layer F.SilkS)
      (effects (font (size 1 1) (thickness 0.15)))
    )
    (fp_text value 4.7uF (at 0 1.75) (layer F.Fab)
      (effects (font (size 1 1) (thickness 0.15)))
    )
    (fp_line (start 2.25 0.87) (end -2.25 0.87) (layer F.CrtYd) (width 0.05))
    (fp_line (start 2.25 0.87) (end 2.25 -0.88) (layer F.CrtYd) (width 0.05))
    (fp_line (start -2.25 -0.88) (end -2.25 0.87) (layer F.CrtYd) (width 0.05))
    (fp_line (start -2.25 -0.88) (end 2.25 -0.88) (layer F.CrtYd) (width 0.05))
    (fp_line (start -0.5 0.85) (end 0.5 0.85) (layer F.SilkS) (width 0.12))
    (fp_line (start 0.5 -0.85) (end -0.5 -0.85) (layer F.SilkS) (width 0.12))
    (fp_line (start -1 -0.62) (end 1 -0.62) (layer F.Fab) (width 0.1))
    (fp_line (start 1 -0.62) (end 1 0.62) (layer F.Fab) (width 0.1))
    (fp_line (start 1 0.62) (end -1 0.62) (layer F.Fab) (width 0.1))
    (fp_line (start -1 0.62) (end -1 -0.62) (layer F.Fab) (width 0.1))
    (fp_text user %R (at 0 -1.75) (layer F.Fab)
      (effects (font (size 1 1) (thickness 0.15)))
    )
    (pad 1 smd rect (at -1.25 0) (size 1.5 1.25) (layers F.Cu F.Paste F.Mask)
      (net 6 12V_BD_VIN))
    (pad 2 smd rect (at 1.25 0) (size 1.5 1.25) (layers F.Cu F.Paste F.Mask)
      (net 2 GND))
    (model Capacitors_SMD.3dshapes/C_0805.wrl
      (at (xyz 0 0 0))
      (scale (xyz 1 1 1))
      (rotate (xyz 0 0 0))
    )
  )

  (module Capacitors_SMD:C_0603_HandSoldering (layer F.Cu) (tedit 58AA848B) (tstamp 60B5B951)
    (at 255.845001 202.085001)
    (descr "Capacitor SMD 0603, hand soldering")
    (tags "capacitor 0603")
    (path /60B81B0D/60BB4DB7)
    (attr smd)
    (fp_text reference C23 (at 0 -1.25) (layer F.SilkS)
      (effects (font (size 1 1) (thickness 0.15)))
    )
    (fp_text value 0.01uF (at 0 1.5) (layer F.Fab)
      (effects (font (size 1 1) (thickness 0.15)))
    )
    (fp_line (start 1.8 0.65) (end -1.8 0.65) (layer F.CrtYd) (width 0.05))
    (fp_line (start 1.8 0.65) (end 1.8 -0.65) (layer F.CrtYd) (width 0.05))
    (fp_line (start -1.8 -0.65) (end -1.8 0.65) (layer F.CrtYd) (width 0.05))
    (fp_line (start -1.8 -0.65) (end 1.8 -0.65) (layer F.CrtYd) (width 0.05))
    (fp_line (start 0.35 0.6) (end -0.35 0.6) (layer F.SilkS) (width 0.12))
    (fp_line (start -0.35 -0.6) (end 0.35 -0.6) (layer F.SilkS) (width 0.12))
    (fp_line (start -0.8 -0.4) (end 0.8 -0.4) (layer F.Fab) (width 0.1))
    (fp_line (start 0.8 -0.4) (end 0.8 0.4) (layer F.Fab) (width 0.1))
    (fp_line (start 0.8 0.4) (end -0.8 0.4) (layer F.Fab) (width 0.1))
    (fp_line (start -0.8 0.4) (end -0.8 -0.4) (layer F.Fab) (width 0.1))
    (fp_text user %R (at 0 -1.25) (layer F.Fab)
      (effects (font (size 1 1) (thickness 0.15)))
    )
    (pad 1 smd rect (at -0.95 0) (size 1.2 0.75) (layers F.Cu F.Paste F.Mask)
      (net 6 12V_BD_VIN))
    (pad 2 smd rect (at 0.95 0) (size 1.2 0.75) (layers F.Cu F.Paste F.Mask)
      (net 2 GND))
    (model Capacitors_SMD.3dshapes/C_0603.wrl
      (at (xyz 0 0 0))
      (scale (xyz 1 1 1))
      (rotate (xyz 0 0 0))
    )
  )

  (module Capacitors_SMD:C_0805_HandSoldering (layer F.Cu) (tedit 58AA84A8) (tstamp 60B5B977)
    (at 256.805001 193.860001)
    (descr "Capacitor SMD 0805, hand soldering")
    (tags "capacitor 0805")
    (path /60B81B0D/60BB4DDA)
    (attr smd)
    (fp_text reference C25 (at 0 -1.75) (layer F.SilkS)
      (effects (font (size 1 1) (thickness 0.15)))
    )
    (fp_text value 4.7uF (at 0 1.75) (layer F.Fab)
      (effects (font (size 1 1) (thickness 0.15)))
    )
    (fp_line (start -1 0.62) (end -1 -0.62) (layer F.Fab) (width 0.1))
    (fp_line (start 1 0.62) (end -1 0.62) (layer F.Fab) (width 0.1))
    (fp_line (start 1 -0.62) (end 1 0.62) (layer F.Fab) (width 0.1))
    (fp_line (start -1 -0.62) (end 1 -0.62) (layer F.Fab) (width 0.1))
    (fp_line (start 0.5 -0.85) (end -0.5 -0.85) (layer F.SilkS) (width 0.12))
    (fp_line (start -0.5 0.85) (end 0.5 0.85) (layer F.SilkS) (width 0.12))
    (fp_line (start -2.25 -0.88) (end 2.25 -0.88) (layer F.CrtYd) (width 0.05))
    (fp_line (start -2.25 -0.88) (end -2.25 0.87) (layer F.CrtYd) (width 0.05))
    (fp_line (start 2.25 0.87) (end 2.25 -0.88) (layer F.CrtYd) (width 0.05))
    (fp_line (start 2.25 0.87) (end -2.25 0.87) (layer F.CrtYd) (width 0.05))
    (fp_text user %R (at 0 -1.75) (layer F.Fab)
      (effects (font (size 1 1) (thickness 0.15)))
    )
    (pad 2 smd rect (at 1.25 0) (size 1.5 1.25) (layers F.Cu F.Paste F.Mask)
      (net 2 GND))
    (pad 1 smd rect (at -1.25 0) (size 1.5 1.25) (layers F.Cu F.Paste F.Mask)
      (net 42 "Net-(C25-Pad1)"))
    (model Capacitors_SMD.3dshapes/C_0805.wrl
      (at (xyz 0 0 0))
      (scale (xyz 1 1 1))
      (rotate (xyz 0 0 0))
    )
  )

  (module Capacitors_SMD:C_0805_HandSoldering (layer F.Cu) (tedit 58AA84A8) (tstamp 60B5B999)
    (at 256.805001 196.680001)
    (descr "Capacitor SMD 0805, hand soldering")
    (tags "capacitor 0805")
    (path /60B81B0D/60BB4E40)
    (attr smd)
    (fp_text reference C27 (at 0 -1.75) (layer F.SilkS)
      (effects (font (size 1 1) (thickness 0.15)))
    )
    (fp_text value 22uF (at 0 1.75) (layer F.Fab)
      (effects (font (size 1 1) (thickness 0.15)))
    )
    (fp_line (start -1 0.62) (end -1 -0.62) (layer F.Fab) (width 0.1))
    (fp_line (start 1 0.62) (end -1 0.62) (layer F.Fab) (width 0.1))
    (fp_line (start 1 -0.62) (end 1 0.62) (layer F.Fab) (width 0.1))
    (fp_line (start -1 -0.62) (end 1 -0.62) (layer F.Fab) (width 0.1))
    (fp_line (start 0.5 -0.85) (end -0.5 -0.85) (layer F.SilkS) (width 0.12))
    (fp_line (start -0.5 0.85) (end 0.5 0.85) (layer F.SilkS) (width 0.12))
    (fp_line (start -2.25 -0.88) (end 2.25 -0.88) (layer F.CrtYd) (width 0.05))
    (fp_line (start -2.25 -0.88) (end -2.25 0.87) (layer F.CrtYd) (width 0.05))
    (fp_line (start 2.25 0.87) (end 2.25 -0.88) (layer F.CrtYd) (width 0.05))
    (fp_line (start 2.25 0.87) (end -2.25 0.87) (layer F.CrtYd) (width 0.05))
    (fp_text user %R (at 0 -1.75) (layer F.Fab)
      (effects (font (size 1 1) (thickness 0.15)))
    )
    (pad 2 smd rect (at 1.25 0) (size 1.5 1.25) (layers F.Cu F.Paste F.Mask)
      (net 2 GND))
    (pad 1 smd rect (at -1.25 0) (size 1.5 1.25) (layers F.Cu F.Paste F.Mask)
      (net 5 5V_UPS))
    (model Capacitors_SMD.3dshapes/C_0805.wrl
      (at (xyz 0 0 0))
      (scale (xyz 1 1 1))
      (rotate (xyz 0 0 0))
    )
  )

  (module Capacitors_SMD:C_0805_HandSoldering (layer F.Cu) (tedit 58AA84A8) (tstamp 60B5B9AA)
    (at 240.655001 203.870001)
    (descr "Capacitor SMD 0805, hand soldering")
    (tags "capacitor 0805")
    (path /60B81B0D/60BB4E46)
    (attr smd)
    (fp_text reference C28 (at 0 -1.75) (layer F.SilkS)
      (effects (font (size 1 1) (thickness 0.15)))
    )
    (fp_text value 22uF (at 0 1.75) (layer F.Fab)
      (effects (font (size 1 1) (thickness 0.15)))
    )
    (fp_line (start 2.25 0.87) (end -2.25 0.87) (layer F.CrtYd) (width 0.05))
    (fp_line (start 2.25 0.87) (end 2.25 -0.88) (layer F.CrtYd) (width 0.05))
    (fp_line (start -2.25 -0.88) (end -2.25 0.87) (layer F.CrtYd) (width 0.05))
    (fp_line (start -2.25 -0.88) (end 2.25 -0.88) (layer F.CrtYd) (width 0.05))
    (fp_line (start -0.5 0.85) (end 0.5 0.85) (layer F.SilkS) (width 0.12))
    (fp_line (start 0.5 -0.85) (end -0.5 -0.85) (layer F.SilkS) (width 0.12))
    (fp_line (start -1 -0.62) (end 1 -0.62) (layer F.Fab) (width 0.1))
    (fp_line (start 1 -0.62) (end 1 0.62) (layer F.Fab) (width 0.1))
    (fp_line (start 1 0.62) (end -1 0.62) (layer F.Fab) (width 0.1))
    (fp_line (start -1 0.62) (end -1 -0.62) (layer F.Fab) (width 0.1))
    (fp_text user %R (at 0 -1.75) (layer F.Fab)
      (effects (font (size 1 1) (thickness 0.15)))
    )
    (pad 1 smd rect (at -1.25 0) (size 1.5 1.25) (layers F.Cu F.Paste F.Mask)
      (net 5 5V_UPS))
    (pad 2 smd rect (at 1.25 0) (size 1.5 1.25) (layers F.Cu F.Paste F.Mask)
      (net 2 GND))
    (model Capacitors_SMD.3dshapes/C_0805.wrl
      (at (xyz 0 0 0))
      (scale (xyz 1 1 1))
      (rotate (xyz 0 0 0))
    )
  )

  (module Resistors_SMD:R_2512_HandSoldering (layer F.Cu) (tedit 58E0A804) (tstamp 60B5BA20)
    (at 205.915001 224.160001)
    (descr "Resistor SMD 2512, hand soldering")
    (tags "resistor 2512")
    (path /60B81B0D/60BB4EE2)
    (attr smd)
    (fp_text reference F1 (at 0 -2.6) (layer F.SilkS)
      (effects (font (size 1 1) (thickness 0.15)))
    )
    (fp_text value Fuse (at 0 2.75) (layer F.Fab)
      (effects (font (size 1 1) (thickness 0.15)))
    )
    (fp_line (start -3.15 1.6) (end -3.15 -1.6) (layer F.Fab) (width 0.1))
    (fp_line (start 3.15 1.6) (end -3.15 1.6) (layer F.Fab) (width 0.1))
    (fp_line (start 3.15 -1.6) (end 3.15 1.6) (layer F.Fab) (width 0.1))
    (fp_line (start -3.15 -1.6) (end 3.15 -1.6) (layer F.Fab) (width 0.1))
    (fp_line (start 2.6 1.82) (end -2.6 1.82) (layer F.SilkS) (width 0.12))
    (fp_line (start -2.6 -1.82) (end 2.6 -1.82) (layer F.SilkS) (width 0.12))
    (fp_line (start -5.56 -1.85) (end 5.55 -1.85) (layer F.CrtYd) (width 0.05))
    (fp_line (start -5.56 -1.85) (end -5.56 1.85) (layer F.CrtYd) (width 0.05))
    (fp_line (start 5.55 1.85) (end 5.55 -1.85) (layer F.CrtYd) (width 0.05))
    (fp_line (start 5.55 1.85) (end -5.56 1.85) (layer F.CrtYd) (width 0.05))
    (fp_text user %R (at 0 0) (layer F.Fab)
      (effects (font (size 1 1) (thickness 0.15)))
    )
    (pad 2 smd rect (at 3.95 0) (size 2.7 3.2) (layers F.Cu F.Paste F.Mask)
      (net 32 "Net-(D2-Pad1)"))
    (pad 1 smd rect (at -3.95 0) (size 2.7 3.2) (layers F.Cu F.Paste F.Mask)
      (net 6 12V_BD_VIN))
    (model ${KISYS3DMOD}/Resistors_SMD.3dshapes/R_2512.wrl
      (at (xyz 0 0 0))
      (scale (xyz 1 1 1))
      (rotate (xyz 0 0 0))
    )
  )

  (module Connector_BarrelJack:BarrelJack_Horizontal (layer F.Cu) (tedit 5A1DBF6A) (tstamp 60B5BB36)
    (at 240 59.9 180)
    (descr "DC Barrel Jack")
    (tags "Power Jack")
    (path /60AC8F91/5F7727EE)
    (fp_text reference J14 (at -8.45 5.75) (layer F.SilkS)
      (effects (font (size 1 1) (thickness 0.15)))
    )
    (fp_text value Barrel_Jack_Switch (at -6.2 -5.5) (layer F.Fab)
      (effects (font (size 1 1) (thickness 0.15)))
    )
    (fp_line (start 0 -4.5) (end -13.7 -4.5) (layer F.Fab) (width 0.1))
    (fp_line (start 0.8 4.5) (end 0.8 -3.75) (layer F.Fab) (width 0.1))
    (fp_line (start -13.7 4.5) (end 0.8 4.5) (layer F.Fab) (width 0.1))
    (fp_line (start -13.7 -4.5) (end -13.7 4.5) (layer F.Fab) (width 0.1))
    (fp_line (start -10.2 -4.5) (end -10.2 4.5) (layer F.Fab) (width 0.1))
    (fp_line (start 0.9 -4.6) (end 0.9 -2) (layer F.SilkS) (width 0.12))
    (fp_line (start -13.8 -4.6) (end 0.9 -4.6) (layer F.SilkS) (width 0.12))
    (fp_line (start 0.9 4.6) (end -1 4.6) (layer F.SilkS) (width 0.12))
    (fp_line (start 0.9 1.9) (end 0.9 4.6) (layer F.SilkS) (width 0.12))
    (fp_line (start -13.8 4.6) (end -13.8 -4.6) (layer F.SilkS) (width 0.12))
    (fp_line (start -5 4.6) (end -13.8 4.6) (layer F.SilkS) (width 0.12))
    (fp_line (start -14 4.75) (end -14 -4.75) (layer F.CrtYd) (width 0.05))
    (fp_line (start -5 4.75) (end -14 4.75) (layer F.CrtYd) (width 0.05))
    (fp_line (start -5 6.75) (end -5 4.75) (layer F.CrtYd) (width 0.05))
    (fp_line (start -1 6.75) (end -5 6.75) (layer F.CrtYd) (width 0.05))
    (fp_line (start -1 4.75) (end -1 6.75) (layer F.CrtYd) (width 0.05))
    (fp_line (start 1 4.75) (end -1 4.75) (layer F.CrtYd) (width 0.05))
    (fp_line (start 1 2) (end 1 4.75) (layer F.CrtYd) (width 0.05))
    (fp_line (start 2 2) (end 1 2) (layer F.CrtYd) (width 0.05))
    (fp_line (start 2 -2) (end 2 2) (layer F.CrtYd) (width 0.05))
    (fp_line (start 1 -2) (end 2 -2) (layer F.CrtYd) (width 0.05))
    (fp_line (start 1 -4.5) (end 1 -2) (layer F.CrtYd) (width 0.05))
    (fp_line (start 1 -4.75) (end -14 -4.75) (layer F.CrtYd) (width 0.05))
    (fp_line (start 1 -4.5) (end 1 -4.75) (layer F.CrtYd) (width 0.05))
    (fp_line (start 0.05 -4.8) (end 1.1 -4.8) (layer F.SilkS) (width 0.12))
    (fp_line (start 1.1 -3.75) (end 1.1 -4.8) (layer F.SilkS) (width 0.12))
    (fp_line (start -0.003213 -4.505425) (end 0.8 -3.75) (layer F.Fab) (width 0.1))
    (fp_text user %R (at -3 -2.95) (layer F.Fab)
      (effects (font (size 1 1) (thickness 0.15)))
    )
    (pad 1 thru_hole rect (at 0 0 180) (size 3.5 3.5) (drill oval 1 3) (layers *.Cu *.Mask)
      (net 1 12V))
    (pad 2 thru_hole roundrect (at -6 0 180) (size 3 3.5) (drill oval 1 3) (layers *.Cu *.Mask) (roundrect_rratio 0.25)
      (net 2 GND))
    (pad 3 thru_hole roundrect (at -3 4.7 180) (size 3.5 3.5) (drill oval 3 1) (layers *.Cu *.Mask) (roundrect_rratio 0.25)
      (net 2 GND))
    (model ${KISYS3DMOD}/Connector_BarrelJack.3dshapes/BarrelJack_Horizontal.wrl
      (at (xyz 0 0 0))
      (scale (xyz 1 1 1))
      (rotate (xyz 0 0 0))
    )
  )

  (module Pin_Headers:Pin_Header_Straight_1x02_Pitch2.54mm (layer F.Cu) (tedit 59650532) (tstamp 60B5BBFA)
    (at 256.665001 186.925001)
    (descr "Through hole straight pin header, 1x02, 2.54mm pitch, single row")
    (tags "Through hole pin header THT 1x02 2.54mm single row")
    (path /60B81B0D/60BB4ED1)
    (fp_text reference J15 (at 0 -2.33) (layer F.SilkS)
      (effects (font (size 1 1) (thickness 0.15)))
    )
    (fp_text value Conn_01x02_Male (at 0 4.87) (layer F.Fab)
      (effects (font (size 1 1) (thickness 0.15)))
    )
    (fp_line (start 1.8 -1.8) (end -1.8 -1.8) (layer F.CrtYd) (width 0.05))
    (fp_line (start 1.8 4.35) (end 1.8 -1.8) (layer F.CrtYd) (width 0.05))
    (fp_line (start -1.8 4.35) (end 1.8 4.35) (layer F.CrtYd) (width 0.05))
    (fp_line (start -1.8 -1.8) (end -1.8 4.35) (layer F.CrtYd) (width 0.05))
    (fp_line (start -1.33 -1.33) (end 0 -1.33) (layer F.SilkS) (width 0.12))
    (fp_line (start -1.33 0) (end -1.33 -1.33) (layer F.SilkS) (width 0.12))
    (fp_line (start -1.33 1.27) (end 1.33 1.27) (layer F.SilkS) (width 0.12))
    (fp_line (start 1.33 1.27) (end 1.33 3.87) (layer F.SilkS) (width 0.12))
    (fp_line (start -1.33 1.27) (end -1.33 3.87) (layer F.SilkS) (width 0.12))
    (fp_line (start -1.33 3.87) (end 1.33 3.87) (layer F.SilkS) (width 0.12))
    (fp_line (start -1.27 -0.635) (end -0.635 -1.27) (layer F.Fab) (width 0.1))
    (fp_line (start -1.27 3.81) (end -1.27 -0.635) (layer F.Fab) (width 0.1))
    (fp_line (start 1.27 3.81) (end -1.27 3.81) (layer F.Fab) (width 0.1))
    (fp_line (start 1.27 -1.27) (end 1.27 3.81) (layer F.Fab) (width 0.1))
    (fp_line (start -0.635 -1.27) (end 1.27 -1.27) (layer F.Fab) (width 0.1))
    (fp_text user %R (at 0 1.27 90) (layer F.Fab)
      (effects (font (size 1 1) (thickness 0.15)))
    )
    (pad 1 thru_hole rect (at 0 0) (size 1.7 1.7) (drill 1) (layers *.Cu *.Mask)
      (net 6 12V_BD_VIN))
    (pad 2 thru_hole oval (at 0 2.54) (size 1.7 1.7) (drill 1) (layers *.Cu *.Mask)
      (net 2 GND))
    (model ${KISYS3DMOD}/Pin_Headers.3dshapes/Pin_Header_Straight_1x02_Pitch2.54mm.wrl
      (at (xyz 0 0 0))
      (scale (xyz 1 1 1))
      (rotate (xyz 0 0 0))
    )
  )

  (module Jumper:SolderJumper-2_P1.3mm_Open_TrianglePad1.0x1.5mm (layer F.Cu) (tedit 5A64794F) (tstamp 60B5BC54)
    (at 255.695001 205.035001)
    (descr "SMD Solder Jumper, 1x1.5mm Triangular Pads, 0.3mm gap, open")
    (tags "solder jumper open")
    (path /60B81B0D/60CC32B8)
    (attr virtual)
    (fp_text reference JP3 (at 0 -1.8) (layer F.SilkS)
      (effects (font (size 1 1) (thickness 0.15)))
    )
    (fp_text value Jumper (at 0 1.9) (layer F.Fab)
      (effects (font (size 1 1) (thickness 0.15)))
    )
    (fp_line (start -1.4 1) (end -1.4 -1) (layer F.SilkS) (width 0.12))
    (fp_line (start 1.4 1) (end -1.4 1) (layer F.SilkS) (width 0.12))
    (fp_line (start 1.4 -1) (end 1.4 1) (layer F.SilkS) (width 0.12))
    (fp_line (start -1.4 -1) (end 1.4 -1) (layer F.SilkS) (width 0.12))
    (fp_line (start -1.65 -1.25) (end 1.65 -1.25) (layer F.CrtYd) (width 0.05))
    (fp_line (start -1.65 -1.25) (end -1.65 1.25) (layer F.CrtYd) (width 0.05))
    (fp_line (start 1.65 1.25) (end 1.65 -1.25) (layer F.CrtYd) (width 0.05))
    (fp_line (start 1.65 1.25) (end -1.65 1.25) (layer F.CrtYd) (width 0.05))
    (pad 1 smd custom (at -0.725 0) (size 0.3 0.3) (layers F.Cu F.Mask)
      (net 32 "Net-(D2-Pad1)") (zone_connect 2)
      (options (clearance outline) (anchor rect))
      (primitives
        (gr_poly (pts
           (xy -0.5 -0.75) (xy 0.5 -0.75) (xy 1 0) (xy 0.5 0.75) (xy -0.5 0.75)
) (width 0))
      ))
    (pad 2 smd custom (at 0.725 0) (size 0.3 0.3) (layers F.Cu F.Mask)
      (net 6 12V_BD_VIN) (zone_connect 2)
      (options (clearance outline) (anchor rect))
      (primitives
        (gr_poly (pts
           (xy -0.65 -0.75) (xy 0.5 -0.75) (xy 0.5 0.75) (xy -0.65 0.75) (xy -0.15 0)
) (width 0))
      ))
  )

  (module Ninja-qPCR:SOT95P240X112-3N (layer F.Cu) (tedit 5F5ECCCC) (tstamp 60B5BCD2)
    (at 108.3126 196.100201)
    (path /60AF8368)
    (fp_text reference Q1 (at 1.753325 -3.582855) (layer F.SilkS)
      (effects (font (size 1.640669 1.640669) (thickness 0.015)))
    )
    (fp_text value Q_NMOS_GSD (at 13.22804 3.40876) (layer F.Fab)
      (effects (font (size 1.642488 1.642488) (thickness 0.015)))
    )
    (fp_line (start 1.3208 -0.254) (end 0.7112 -0.254) (layer F.Fab) (width 0.1))
    (fp_line (start 1.3208 0.254) (end 1.3208 -0.254) (layer F.Fab) (width 0.1))
    (fp_line (start 0.7112 0.254) (end 1.3208 0.254) (layer F.Fab) (width 0.1))
    (fp_line (start -1.3208 1.1938) (end -0.7112 1.1938) (layer F.Fab) (width 0.1))
    (fp_line (start -1.3208 0.7112) (end -1.3208 1.1938) (layer F.Fab) (width 0.1))
    (fp_line (start -0.7112 0.7112) (end -1.3208 0.7112) (layer F.Fab) (width 0.1))
    (fp_line (start -0.7112 1.1938) (end -0.7112 0.7112) (layer F.Fab) (width 0.1))
    (fp_line (start -0.7112 1.524) (end -0.7112 1.1938) (layer F.Fab) (width 0.1))
    (fp_line (start -1.3208 -0.7112) (end -0.7112 -0.7112) (layer F.Fab) (width 0.1))
    (fp_line (start -1.3208 -1.1938) (end -1.3208 -0.7112) (layer F.Fab) (width 0.1))
    (fp_line (start -0.7112 -1.1938) (end -1.3208 -1.1938) (layer F.Fab) (width 0.1))
    (fp_line (start -0.7112 -0.7112) (end -0.7112 0.7112) (layer F.Fab) (width 0.1))
    (fp_line (start -0.7112 -1.1938) (end -0.7112 -0.7112) (layer F.Fab) (width 0.1))
    (fp_line (start -0.7112 -1.524) (end -0.7112 -1.1938) (layer F.Fab) (width 0.1))
    (fp_line (start -0.3048 -1.524) (end -0.7112 -1.524) (layer F.Fab) (width 0.1))
    (fp_line (start 0.3048 -1.524) (end -0.3048 -1.524) (layer F.Fab) (width 0.1))
    (fp_line (start 0.7112 -1.524) (end 0.3048 -1.524) (layer F.Fab) (width 0.1))
    (fp_line (start 0.7112 -0.254) (end 0.7112 -1.524) (layer F.Fab) (width 0.1))
    (fp_line (start 0.7112 0.254) (end 0.7112 -0.254) (layer F.Fab) (width 0.1))
    (fp_line (start 0.7112 1.524) (end 0.7112 0.254) (layer F.Fab) (width 0.1))
    (fp_line (start -0.7112 1.524) (end 0.7112 1.524) (layer F.Fab) (width 0.1))
    (fp_line (start 0.3048 -1.524) (end -0.2794 -1.524) (layer F.SilkS) (width 0.1524))
    (fp_line (start 0.7112 -1.524) (end 0.3048 -1.524) (layer F.SilkS) (width 0.1524))
    (fp_line (start 0.7112 1.524) (end 0.7112 0.6096) (layer F.SilkS) (width 0.1524))
    (fp_line (start -0.2794 1.524) (end 0.7112 1.524) (layer F.SilkS) (width 0.1524))
    (fp_line (start 0.7112 -0.6096) (end 0.7112 -1.524) (layer F.SilkS) (width 0.1524))
    (fp_arc (start 0 -1.524) (end -0.3048 -1.524) (angle -180) (layer F.Fab) (width 0.1))
    (fp_arc (start 0.003781 -1.526582) (end -0.1016 -1.2446) (angle -110) (layer F.SilkS) (width 0.1524))
    (pad 3 smd rect (at 1.0922 0) (size 1.3208 0.5588) (layers F.Cu F.Paste F.Mask)
      (net 27 "Net-(HLID1-Pad2)"))
    (pad 2 smd rect (at -1.0922 0.9398) (size 1.3208 0.5588) (layers F.Cu F.Paste F.Mask)
      (net 2 GND))
    (pad 1 smd rect (at -1.0922 -0.9398) (size 1.3208 0.5588) (layers F.Cu F.Paste F.Mask)
      (net 20 "Net-(Q1-Pad1)"))
  )

  (module Ninja-qPCR:SOT95P240X112-3N (layer F.Cu) (tedit 5F5ECCCC) (tstamp 60B5BD18)
    (at 112.8126 196.100201)
    (path /60AF8400)
    (fp_text reference Q2 (at 1.753325 -3.582855) (layer F.SilkS)
      (effects (font (size 1.640669 1.640669) (thickness 0.015)))
    )
    (fp_text value Q_NMOS_GSD (at 13.22804 3.40876) (layer F.Fab)
      (effects (font (size 1.642488 1.642488) (thickness 0.015)))
    )
    (fp_line (start 1.3208 -0.254) (end 0.7112 -0.254) (layer F.Fab) (width 0.1))
    (fp_line (start 1.3208 0.254) (end 1.3208 -0.254) (layer F.Fab) (width 0.1))
    (fp_line (start 0.7112 0.254) (end 1.3208 0.254) (layer F.Fab) (width 0.1))
    (fp_line (start -1.3208 1.1938) (end -0.7112 1.1938) (layer F.Fab) (width 0.1))
    (fp_line (start -1.3208 0.7112) (end -1.3208 1.1938) (layer F.Fab) (width 0.1))
    (fp_line (start -0.7112 0.7112) (end -1.3208 0.7112) (layer F.Fab) (width 0.1))
    (fp_line (start -0.7112 1.1938) (end -0.7112 0.7112) (layer F.Fab) (width 0.1))
    (fp_line (start -0.7112 1.524) (end -0.7112 1.1938) (layer F.Fab) (width 0.1))
    (fp_line (start -1.3208 -0.7112) (end -0.7112 -0.7112) (layer F.Fab) (width 0.1))
    (fp_line (start -1.3208 -1.1938) (end -1.3208 -0.7112) (layer F.Fab) (width 0.1))
    (fp_line (start -0.7112 -1.1938) (end -1.3208 -1.1938) (layer F.Fab) (width 0.1))
    (fp_line (start -0.7112 -0.7112) (end -0.7112 0.7112) (layer F.Fab) (width 0.1))
    (fp_line (start -0.7112 -1.1938) (end -0.7112 -0.7112) (layer F.Fab) (width 0.1))
    (fp_line (start -0.7112 -1.524) (end -0.7112 -1.1938) (layer F.Fab) (width 0.1))
    (fp_line (start -0.3048 -1.524) (end -0.7112 -1.524) (layer F.Fab) (width 0.1))
    (fp_line (start 0.3048 -1.524) (end -0.3048 -1.524) (layer F.Fab) (width 0.1))
    (fp_line (start 0.7112 -1.524) (end 0.3048 -1.524) (layer F.Fab) (width 0.1))
    (fp_line (start 0.7112 -0.254) (end 0.7112 -1.524) (layer F.Fab) (width 0.1))
    (fp_line (start 0.7112 0.254) (end 0.7112 -0.254) (layer F.Fab) (width 0.1))
    (fp_line (start 0.7112 1.524) (end 0.7112 0.254) (layer F.Fab) (width 0.1))
    (fp_line (start -0.7112 1.524) (end 0.7112 1.524) (layer F.Fab) (width 0.1))
    (fp_line (start 0.3048 -1.524) (end -0.2794 -1.524) (layer F.SilkS) (width 0.1524))
    (fp_line (start 0.7112 -1.524) (end 0.3048 -1.524) (layer F.SilkS) (width 0.1524))
    (fp_line (start 0.7112 1.524) (end 0.7112 0.6096) (layer F.SilkS) (width 0.1524))
    (fp_line (start -0.2794 1.524) (end 0.7112 1.524) (layer F.SilkS) (width 0.1524))
    (fp_line (start 0.7112 -0.6096) (end 0.7112 -1.524) (layer F.SilkS) (width 0.1524))
    (fp_arc (start 0 -1.524) (end -0.3048 -1.524) (angle -180) (layer F.Fab) (width 0.1))
    (fp_arc (start 0.003781 -1.526582) (end -0.1016 -1.2446) (angle -110) (layer F.SilkS) (width 0.1524))
    (pad 3 smd rect (at 1.0922 0) (size 1.3208 0.5588) (layers F.Cu F.Paste F.Mask)
      (net 26 "Net-(FAN1-Pad2)"))
    (pad 2 smd rect (at -1.0922 0.9398) (size 1.3208 0.5588) (layers F.Cu F.Paste F.Mask)
      (net 2 GND))
    (pad 1 smd rect (at -1.0922 -0.9398) (size 1.3208 0.5588) (layers F.Cu F.Paste F.Mask)
      (net 21 "Net-(Q2-Pad1)"))
  )

  (module Ninja-qPCR:SOT95P240X112-3N (layer F.Cu) (tedit 5F5ECCCC) (tstamp 60B5BD3B)
    (at 153.3 192.15)
    (path /60AF8390)
    (fp_text reference Q4 (at 1.753325 -3.582855) (layer F.SilkS)
      (effects (font (size 1.640669 1.640669) (thickness 0.015)))
    )
    (fp_text value Q_NMOS_GSD (at 13.22804 3.40876) (layer F.Fab)
      (effects (font (size 1.642488 1.642488) (thickness 0.015)))
    )
    (fp_line (start 0.7112 -0.6096) (end 0.7112 -1.524) (layer F.SilkS) (width 0.1524))
    (fp_line (start -0.2794 1.524) (end 0.7112 1.524) (layer F.SilkS) (width 0.1524))
    (fp_line (start 0.7112 1.524) (end 0.7112 0.6096) (layer F.SilkS) (width 0.1524))
    (fp_line (start 0.7112 -1.524) (end 0.3048 -1.524) (layer F.SilkS) (width 0.1524))
    (fp_line (start 0.3048 -1.524) (end -0.2794 -1.524) (layer F.SilkS) (width 0.1524))
    (fp_line (start -0.7112 1.524) (end 0.7112 1.524) (layer F.Fab) (width 0.1))
    (fp_line (start 0.7112 1.524) (end 0.7112 0.254) (layer F.Fab) (width 0.1))
    (fp_line (start 0.7112 0.254) (end 0.7112 -0.254) (layer F.Fab) (width 0.1))
    (fp_line (start 0.7112 -0.254) (end 0.7112 -1.524) (layer F.Fab) (width 0.1))
    (fp_line (start 0.7112 -1.524) (end 0.3048 -1.524) (layer F.Fab) (width 0.1))
    (fp_line (start 0.3048 -1.524) (end -0.3048 -1.524) (layer F.Fab) (width 0.1))
    (fp_line (start -0.3048 -1.524) (end -0.7112 -1.524) (layer F.Fab) (width 0.1))
    (fp_line (start -0.7112 -1.524) (end -0.7112 -1.1938) (layer F.Fab) (width 0.1))
    (fp_line (start -0.7112 -1.1938) (end -0.7112 -0.7112) (layer F.Fab) (width 0.1))
    (fp_line (start -0.7112 -0.7112) (end -0.7112 0.7112) (layer F.Fab) (width 0.1))
    (fp_line (start -0.7112 -1.1938) (end -1.3208 -1.1938) (layer F.Fab) (width 0.1))
    (fp_line (start -1.3208 -1.1938) (end -1.3208 -0.7112) (layer F.Fab) (width 0.1))
    (fp_line (start -1.3208 -0.7112) (end -0.7112 -0.7112) (layer F.Fab) (width 0.1))
