(kicad_pcb (version 20171130) (host pcbnew "(5.1.6-0-10_14)")

  (general
    (thickness 1.6)
    (drawings 0)
    (tracks 0)
    (zones 0)
    (modules 87)
    (nets 54)
  )

  (page A4)
  (layers
    (0 F.Cu signal)
    (31 B.Cu signal)
    (32 B.Adhes user)
    (33 F.Adhes user)
    (34 B.Paste user)
    (35 F.Paste user)
    (36 B.SilkS user)
    (37 F.SilkS user)
    (38 B.Mask user)
    (39 F.Mask user)
    (40 Dwgs.User user)
    (41 Cmts.User user)
    (42 Eco1.User user)
    (43 Eco2.User user)
    (44 Edge.Cuts user)
    (45 Margin user)
    (46 B.CrtYd user)
    (47 F.CrtYd user)
    (48 B.Fab user)
    (49 F.Fab user)
  )

  (setup
    (last_trace_width 0.25)
    (trace_clearance 0.2)
    (zone_clearance 0.508)
    (zone_45_only no)
    (trace_min 0.2)
    (via_size 0.8)
    (via_drill 0.4)
    (via_min_size 0.4)
    (via_min_drill 0.3)
    (uvia_size 0.3)
    (uvia_drill 0.1)
    (uvias_allowed no)
    (uvia_min_size 0.2)
    (uvia_min_drill 0.1)
    (edge_width 0.1)
    (segment_width 0.2)
    (pcb_text_width 0.3)
    (pcb_text_size 1.5 1.5)
    (mod_edge_width 0.15)
    (mod_text_size 1 1)
    (mod_text_width 0.15)
    (pad_size 1.7 1.7)
    (pad_drill 1)
    (pad_to_mask_clearance 0)
    (aux_axis_origin 0 0)
    (visible_elements FFFFFF7F)
    (pcbplotparams
      (layerselection 0x010fc_ffffffff)
      (usegerberextensions false)
      (usegerberattributes true)
      (usegerberadvancedattributes true)
      (creategerberjobfile true)
      (excludeedgelayer true)
      (linewidth 0.100000)
      (plotframeref false)
      (viasonmask false)
      (mode 1)
      (useauxorigin false)
      (hpglpennumber 1)
      (hpglpenspeed 20)
      (hpglpendiameter 15.000000)
      (psnegative false)
      (psa4output false)
      (plotreference true)
      (plotvalue true)
      (plotinvisibletext false)
      (padsonsilk false)
      (subtractmaskfromsilk false)
      (outputformat 1)
      (mirror false)
      (drillshape 1)
      (scaleselection 1)
      (outputdirectory ""))
  )

  (net 0 "")
  (net 1 12V)
  (net 2 GND)
  (net 3 3V3A)
  (net 4 3V3D)
  (net 5 5V_UPS)
  (net 6 12V_BD_VIN)
  (net 7 /SheetSupercap/BD_BOOT)
  (net 8 /SheetSupercap/BD_SW)
  (net 9 I2C_SCL)
  (net 10 I2C_SDA)
  (net 11 THERM_R_SWITCH)
  (net 12 MUX_SELECT)
  (net 13 MUX_S3)
  (net 14 AMP_GAIN_SW)
  (net 15 /3V3_RASP)
  (net 16 MUX_S2)
  (net 17 MUX_S1)
  (net 18 ADC_DRDY)
  (net 19 MUX_S0)
  (net 20 "Net-(Q1-Pad1)")
  (net 21 "Net-(Q2-Pad1)")
  (net 22 "Net-(Q3-Pad1)")
  (net 23 VIN_SENSE)
  (net 24 /SheetSupercap/BD_FB)
  (net 25 "Net-(C10-Pad2)")
  (net 26 "Net-(C18-Pad2)")
  (net 27 "Net-(FAN1-Pad2)")
  (net 28 "Net-(HLID1-Pad2)")
  (net 29 "Net-(HWELL1-Pad2)")
  (net 30 /FAN)
  (net 31 /WELL_HEATER)
  (net 32 /LID_HEATER)
  (net 33 "Net-(D2-Pad1)")
  (net 34 DOPEN)
  (net 35 DLOCK)
  (net 36 "Net-(LOCK1-Pad2)")
  (net 37 "Net-(Q4-Pad1)")
  (net 38 "Net-(C18-Pad1)")
  (net 39 "Net-(C19-Pad2)")
  (net 40 "Net-(C20-Pad2)")
  (net 41 "Net-(C21-Pad2)")
  (net 42 "Net-(C24-Pad1)")
  (net 43 "Net-(C25-Pad1)")
  (net 44 /GPIO29)
  (net 45 /GPIO13)
  (net 46 /GPIO26)
  (net 47 /GPIO22)
  (net 48 /GPIO28)
  (net 49 /GPIO25)
  (net 50 /GPIO12)
  (net 51 /GPIO14)
  (net 52 /GPIO3)
  (net 53 "Net-(R18-Pad2)")

  (net_class Default "This is the default net class."
    (clearance 0.2)
    (trace_width 0.25)
    (via_dia 0.8)
    (via_drill 0.4)
    (uvia_dia 0.3)
    (uvia_drill 0.1)
    (add_net /3V3_RASP)
    (add_net /FAN)
    (add_net /GPIO12)
    (add_net /GPIO13)
    (add_net /GPIO14)
    (add_net /GPIO22)
    (add_net /GPIO25)
    (add_net /GPIO26)
    (add_net /GPIO28)
    (add_net /GPIO29)
    (add_net /GPIO3)
    (add_net /LID_HEATER)
    (add_net /SheetSupercap/BD_BOOT)
    (add_net /SheetSupercap/BD_FB)
    (add_net /SheetSupercap/BD_SW)
    (add_net /WELL_HEATER)
    (add_net 12V)
    (add_net 12V_BD_VIN)
    (add_net 3V3A)
    (add_net 3V3D)
    (add_net 5V_UPS)
    (add_net ADC_DRDY)
    (add_net AMP_GAIN_SW)
    (add_net DLOCK)
    (add_net DOPEN)
    (add_net GND)
    (add_net I2C_SCL)
    (add_net I2C_SDA)
    (add_net MUX_S0)
    (add_net MUX_S1)
    (add_net MUX_S2)
    (add_net MUX_S3)
    (add_net MUX_SELECT)
    (add_net "Net-(C10-Pad2)")
    (add_net "Net-(C18-Pad1)")
    (add_net "Net-(C18-Pad2)")
    (add_net "Net-(C19-Pad2)")
    (add_net "Net-(C20-Pad2)")
    (add_net "Net-(C21-Pad2)")
    (add_net "Net-(C24-Pad1)")
    (add_net "Net-(C25-Pad1)")
    (add_net "Net-(D2-Pad1)")
    (add_net "Net-(FAN1-Pad2)")
    (add_net "Net-(HLID1-Pad2)")
    (add_net "Net-(HWELL1-Pad2)")
    (add_net "Net-(LOCK1-Pad2)")
    (add_net "Net-(Q1-Pad1)")
    (add_net "Net-(Q2-Pad1)")
    (add_net "Net-(Q3-Pad1)")
    (add_net "Net-(Q4-Pad1)")
    (add_net "Net-(R18-Pad2)")
    (add_net THERM_R_SWITCH)
    (add_net VIN_SENSE)
  )

  (module Capacitors_SMD:C_0805_HandSoldering (layer F.Cu) (tedit 58AA84A8) (tstamp 60B5B251)
    (at 126.605001 226.350001)
    (descr "Capacitor SMD 0805, hand soldering")
    (tags "capacitor 0805")
    (path /60AC8F91/5F62F251)
    (attr smd)
    (fp_text reference C1 (at 0 -1.75) (layer F.SilkS)
      (effects (font (size 1 1) (thickness 0.15)))
    )
    (fp_text value 22uF (at 0 1.75) (layer F.Fab)
      (effects (font (size 1 1) (thickness 0.15)))
    )
    (fp_line (start -1 0.62) (end -1 -0.62) (layer F.Fab) (width 0.1))
    (fp_line (start 1 0.62) (end -1 0.62) (layer F.Fab) (width 0.1))
    (fp_line (start 1 -0.62) (end 1 0.62) (layer F.Fab) (width 0.1))
    (fp_line (start -1 -0.62) (end 1 -0.62) (layer F.Fab) (width 0.1))
    (fp_line (start 0.5 -0.85) (end -0.5 -0.85) (layer F.SilkS) (width 0.12))
    (fp_line (start -0.5 0.85) (end 0.5 0.85) (layer F.SilkS) (width 0.12))
    (fp_line (start -2.25 -0.88) (end 2.25 -0.88) (layer F.CrtYd) (width 0.05))
    (fp_line (start -2.25 -0.88) (end -2.25 0.87) (layer F.CrtYd) (width 0.05))
    (fp_line (start 2.25 0.87) (end 2.25 -0.88) (layer F.CrtYd) (width 0.05))
    (fp_line (start 2.25 0.87) (end -2.25 0.87) (layer F.CrtYd) (width 0.05))
    (fp_text user %R (at 0 -1.75) (layer F.Fab)
      (effects (font (size 1 1) (thickness 0.15)))
    )
    (pad 2 smd rect (at 1.25 0) (size 1.5 1.25) (layers F.Cu F.Paste F.Mask)
      (net 2 GND))
    (pad 1 smd rect (at -1.25 0) (size 1.5 1.25) (layers F.Cu F.Paste F.Mask)
      (net 1 12V))
    (model Capacitors_SMD.3dshapes/C_0805.wrl
      (at (xyz 0 0 0))
      (scale (xyz 1 1 1))
      (rotate (xyz 0 0 0))
    )
  )

  (module Capacitors_SMD:C_0805_HandSoldering (layer F.Cu) (tedit 58AA84A8) (tstamp 60B5B262)
    (at 126.605001 223.530001)
    (descr "Capacitor SMD 0805, hand soldering")
    (tags "capacitor 0805")
    (path /60AC8F91/5F62F266)
    (attr smd)
    (fp_text reference C3 (at 0 -1.75) (layer F.SilkS)
      (effects (font (size 1 1) (thickness 0.15)))
    )
    (fp_text value 22uF (at 0 1.75) (layer F.Fab)
      (effects (font (size 1 1) (thickness 0.15)))
    )
    (fp_line (start -1 0.62) (end -1 -0.62) (layer F.Fab) (width 0.1))
    (fp_line (start 1 0.62) (end -1 0.62) (layer F.Fab) (width 0.1))
    (fp_line (start 1 -0.62) (end 1 0.62) (layer F.Fab) (width 0.1))
    (fp_line (start -1 -0.62) (end 1 -0.62) (layer F.Fab) (width 0.1))
    (fp_line (start 0.5 -0.85) (end -0.5 -0.85) (layer F.SilkS) (width 0.12))
    (fp_line (start -0.5 0.85) (end 0.5 0.85) (layer F.SilkS) (width 0.12))
    (fp_line (start -2.25 -0.88) (end 2.25 -0.88) (layer F.CrtYd) (width 0.05))
    (fp_line (start -2.25 -0.88) (end -2.25 0.87) (layer F.CrtYd) (width 0.05))
    (fp_line (start 2.25 0.87) (end 2.25 -0.88) (layer F.CrtYd) (width 0.05))
    (fp_line (start 2.25 0.87) (end -2.25 0.87) (layer F.CrtYd) (width 0.05))
    (fp_text user %R (at 0 -1.75) (layer F.Fab)
      (effects (font (size 1 1) (thickness 0.15)))
    )
    (pad 2 smd rect (at 1.25 0) (size 1.5 1.25) (layers F.Cu F.Paste F.Mask)
      (net 2 GND))
    (pad 1 smd rect (at -1.25 0) (size 1.5 1.25) (layers F.Cu F.Paste F.Mask)
      (net 1 12V))
    (model Capacitors_SMD.3dshapes/C_0805.wrl
      (at (xyz 0 0 0))
      (scale (xyz 1 1 1))
      (rotate (xyz 0 0 0))
    )
  )

  (module Capacitors_SMD:C_0805_HandSoldering (layer F.Cu) (tedit 58AA84A8) (tstamp 60B5B273)
    (at 132.025001 219.670001)
    (descr "Capacitor SMD 0805, hand soldering")
    (tags "capacitor 0805")
    (path /60AC8F91/5F62F27B)
    (attr smd)
    (fp_text reference C5 (at 0 -1.75) (layer F.SilkS)
      (effects (font (size 1 1) (thickness 0.15)))
    )
    (fp_text value 0.1uF (at 0 1.75) (layer F.Fab)
      (effects (font (size 1 1) (thickness 0.15)))
    )
    (fp_line (start 2.25 0.87) (end -2.25 0.87) (layer F.CrtYd) (width 0.05))
    (fp_line (start 2.25 0.87) (end 2.25 -0.88) (layer F.CrtYd) (width 0.05))
    (fp_line (start -2.25 -0.88) (end -2.25 0.87) (layer F.CrtYd) (width 0.05))
    (fp_line (start -2.25 -0.88) (end 2.25 -0.88) (layer F.CrtYd) (width 0.05))
    (fp_line (start -0.5 0.85) (end 0.5 0.85) (layer F.SilkS) (width 0.12))
    (fp_line (start 0.5 -0.85) (end -0.5 -0.85) (layer F.SilkS) (width 0.12))
    (fp_line (start -1 -0.62) (end 1 -0.62) (layer F.Fab) (width 0.1))
    (fp_line (start 1 -0.62) (end 1 0.62) (layer F.Fab) (width 0.1))
    (fp_line (start 1 0.62) (end -1 0.62) (layer F.Fab) (width 0.1))
    (fp_line (start -1 0.62) (end -1 -0.62) (layer F.Fab) (width 0.1))
    (fp_text user %R (at 0 -1.75) (layer F.Fab)
      (effects (font (size 1 1) (thickness 0.15)))
    )
    (pad 1 smd rect (at -1.25 0) (size 1.5 1.25) (layers F.Cu F.Paste F.Mask)
      (net 1 12V))
    (pad 2 smd rect (at 1.25 0) (size 1.5 1.25) (layers F.Cu F.Paste F.Mask)
      (net 2 GND))
    (model Capacitors_SMD.3dshapes/C_0805.wrl
      (at (xyz 0 0 0))
      (scale (xyz 1 1 1))
      (rotate (xyz 0 0 0))
    )
  )

  (module Capacitors_SMD:C_0603_HandSoldering (layer F.Cu) (tedit 58AA848B) (tstamp 60B5B284)
    (at 122.125001 234.185001)
    (descr "Capacitor SMD 0603, hand soldering")
    (tags "capacitor 0603")
    (path /60AC8F91/5F62F290)
    (attr smd)
    (fp_text reference C7 (at 0 -1.25) (layer F.SilkS)
      (effects (font (size 1 1) (thickness 0.15)))
    )
    (fp_text value 0.01uF (at 0 1.5) (layer F.Fab)
      (effects (font (size 1 1) (thickness 0.15)))
    )
    (fp_line (start 1.8 0.65) (end -1.8 0.65) (layer F.CrtYd) (width 0.05))
    (fp_line (start 1.8 0.65) (end 1.8 -0.65) (layer F.CrtYd) (width 0.05))
    (fp_line (start -1.8 -0.65) (end -1.8 0.65) (layer F.CrtYd) (width 0.05))
    (fp_line (start -1.8 -0.65) (end 1.8 -0.65) (layer F.CrtYd) (width 0.05))
    (fp_line (start 0.35 0.6) (end -0.35 0.6) (layer F.SilkS) (width 0.12))
    (fp_line (start -0.35 -0.6) (end 0.35 -0.6) (layer F.SilkS) (width 0.12))
    (fp_line (start -0.8 -0.4) (end 0.8 -0.4) (layer F.Fab) (width 0.1))
    (fp_line (start 0.8 -0.4) (end 0.8 0.4) (layer F.Fab) (width 0.1))
    (fp_line (start 0.8 0.4) (end -0.8 0.4) (layer F.Fab) (width 0.1))
    (fp_line (start -0.8 0.4) (end -0.8 -0.4) (layer F.Fab) (width 0.1))
    (fp_text user %R (at 0 -1.25) (layer F.Fab)
      (effects (font (size 1 1) (thickness 0.15)))
    )
    (pad 1 smd rect (at -0.95 0) (size 1.2 0.75) (layers F.Cu F.Paste F.Mask)
      (net 1 12V))
    (pad 2 smd rect (at 0.95 0) (size 1.2 0.75) (layers F.Cu F.Paste F.Mask)
      (net 2 GND))
    (model Capacitors_SMD.3dshapes/C_0603.wrl
      (at (xyz 0 0 0))
      (scale (xyz 1 1 1))
      (rotate (xyz 0 0 0))
    )
  )

  (module Capacitors_SMD:C_0603_HandSoldering (layer F.Cu) (tedit 58AA848B) (tstamp 60B5B2B1)
    (at 125.025001 228.935001)
    (descr "Capacitor SMD 0603, hand soldering")
    (tags "capacitor 0603")
    (path /60AC8F91/5F67A813)
    (attr smd)
    (fp_text reference C10 (at 0 -1.25) (layer F.SilkS)
      (effects (font (size 1 1) (thickness 0.15)))
    )
    (fp_text value 0.01uF (at 0 1.5) (layer F.Fab)
      (effects (font (size 1 1) (thickness 0.15)))
    )
    (fp_line (start -0.8 0.4) (end -0.8 -0.4) (layer F.Fab) (width 0.1))
    (fp_line (start 0.8 0.4) (end -0.8 0.4) (layer F.Fab) (width 0.1))
    (fp_line (start 0.8 -0.4) (end 0.8 0.4) (layer F.Fab) (width 0.1))
    (fp_line (start -0.8 -0.4) (end 0.8 -0.4) (layer F.Fab) (width 0.1))
    (fp_line (start -0.35 -0.6) (end 0.35 -0.6) (layer F.SilkS) (width 0.12))
    (fp_line (start 0.35 0.6) (end -0.35 0.6) (layer F.SilkS) (width 0.12))
    (fp_line (start -1.8 -0.65) (end 1.8 -0.65) (layer F.CrtYd) (width 0.05))
    (fp_line (start -1.8 -0.65) (end -1.8 0.65) (layer F.CrtYd) (width 0.05))
    (fp_line (start 1.8 0.65) (end 1.8 -0.65) (layer F.CrtYd) (width 0.05))
    (fp_line (start 1.8 0.65) (end -1.8 0.65) (layer F.CrtYd) (width 0.05))
    (fp_text user %R (at 0 -1.25) (layer F.Fab)
      (effects (font (size 1 1) (thickness 0.15)))
    )
    (pad 2 smd rect (at 0.95 0) (size 1.2 0.75) (layers F.Cu F.Paste F.Mask)
      (net 25 "Net-(C10-Pad2)"))
    (pad 1 smd rect (at -0.95 0) (size 1.2 0.75) (layers F.Cu F.Paste F.Mask)
      (net 3 3V3A))
    (model Capacitors_SMD.3dshapes/C_0603.wrl
      (at (xyz 0 0 0))
      (scale (xyz 1 1 1))
      (rotate (xyz 0 0 0))
    )
  )

  (module Capacitors_SMD:C_0805_HandSoldering (layer F.Cu) (tedit 58AA84A8) (tstamp 60B5B2C2)
    (at 117.025001 234.890001)
    (descr "Capacitor SMD 0805, hand soldering")
    (tags "capacitor 0805")
    (path /60AC8F91/5F69D100)
    (attr smd)
    (fp_text reference C11 (at 0 -1.75) (layer F.SilkS)
      (effects (font (size 1 1) (thickness 0.15)))
    )
    (fp_text value 22uF (at 0 1.75) (layer F.Fab)
      (effects (font (size 1 1) (thickness 0.15)))
    )
    (fp_line (start 2.25 0.87) (end -2.25 0.87) (layer F.CrtYd) (width 0.05))
    (fp_line (start 2.25 0.87) (end 2.25 -0.88) (layer F.CrtYd) (width 0.05))
    (fp_line (start -2.25 -0.88) (end -2.25 0.87) (layer F.CrtYd) (width 0.05))
    (fp_line (start -2.25 -0.88) (end 2.25 -0.88) (layer F.CrtYd) (width 0.05))
    (fp_line (start -0.5 0.85) (end 0.5 0.85) (layer F.SilkS) (width 0.12))
    (fp_line (start 0.5 -0.85) (end -0.5 -0.85) (layer F.SilkS) (width 0.12))
    (fp_line (start -1 -0.62) (end 1 -0.62) (layer F.Fab) (width 0.1))
    (fp_line (start 1 -0.62) (end 1 0.62) (layer F.Fab) (width 0.1))
    (fp_line (start 1 0.62) (end -1 0.62) (layer F.Fab) (width 0.1))
    (fp_line (start -1 0.62) (end -1 -0.62) (layer F.Fab) (width 0.1))
    (fp_text user %R (at 0 -1.75) (layer F.Fab)
      (effects (font (size 1 1) (thickness 0.15)))
    )
    (pad 1 smd rect (at -1.25 0) (size 1.5 1.25) (layers F.Cu F.Paste F.Mask)
      (net 3 3V3A))
    (pad 2 smd rect (at 1.25 0) (size 1.5 1.25) (layers F.Cu F.Paste F.Mask)
      (net 2 GND))
    (model Capacitors_SMD.3dshapes/C_0805.wrl
      (at (xyz 0 0 0))
      (scale (xyz 1 1 1))
      (rotate (xyz 0 0 0))
    )
  )

  (module Capacitors_SMD:C_0805_HandSoldering (layer F.Cu) (tedit 58AA84A8) (tstamp 60B5B2D3)
    (at 117.025001 232.070001)
    (descr "Capacitor SMD 0805, hand soldering")
    (tags "capacitor 0805")
    (path /60AC8F91/5F69D10A)
    (attr smd)
    (fp_text reference C12 (at 0 -1.75) (layer F.SilkS)
      (effects (font (size 1 1) (thickness 0.15)))
    )
    (fp_text value 820pF (at 0 1.75) (layer F.Fab)
      (effects (font (size 1 1) (thickness 0.15)))
    )
    (fp_line (start -1 0.62) (end -1 -0.62) (layer F.Fab) (width 0.1))
    (fp_line (start 1 0.62) (end -1 0.62) (layer F.Fab) (width 0.1))
    (fp_line (start 1 -0.62) (end 1 0.62) (layer F.Fab) (width 0.1))
    (fp_line (start -1 -0.62) (end 1 -0.62) (layer F.Fab) (width 0.1))
    (fp_line (start 0.5 -0.85) (end -0.5 -0.85) (layer F.SilkS) (width 0.12))
    (fp_line (start -0.5 0.85) (end 0.5 0.85) (layer F.SilkS) (width 0.12))
    (fp_line (start -2.25 -0.88) (end 2.25 -0.88) (layer F.CrtYd) (width 0.05))
    (fp_line (start -2.25 -0.88) (end -2.25 0.87) (layer F.CrtYd) (width 0.05))
    (fp_line (start 2.25 0.87) (end 2.25 -0.88) (layer F.CrtYd) (width 0.05))
    (fp_line (start 2.25 0.87) (end -2.25 0.87) (layer F.CrtYd) (width 0.05))
    (fp_text user %R (at 0 -1.75) (layer F.Fab)
      (effects (font (size 1 1) (thickness 0.15)))
    )
    (pad 2 smd rect (at 1.25 0) (size 1.5 1.25) (layers F.Cu F.Paste F.Mask)
      (net 2 GND))
    (pad 1 smd rect (at -1.25 0) (size 1.5 1.25) (layers F.Cu F.Paste F.Mask)
      (net 3 3V3A))
    (model Capacitors_SMD.3dshapes/C_0805.wrl
      (at (xyz 0 0 0))
      (scale (xyz 1 1 1))
      (rotate (xyz 0 0 0))
    )
  )

  (module Capacitors_SMD:CP_Elec_6.3x5.8 (layer F.Cu) (tedit 58AA8B59) (tstamp 60B5B311)
    (at 135.175001 206.965001)
    (descr "SMT capacitor, aluminium electrolytic, 6.3x5.8")
    (path /60AC8F91/5F6356F9)
    (attr smd)
    (fp_text reference C2 (at 0 4.56) (layer F.SilkS)
      (effects (font (size 1 1) (thickness 0.15)))
    )
    (fp_text value 100uF (at 0 -4.56) (layer F.Fab)
      (effects (font (size 1 1) (thickness 0.15)))
    )
    (fp_line (start 4.7 3.4) (end -4.7 3.4) (layer F.CrtYd) (width 0.05))
    (fp_line (start 4.7 3.4) (end 4.7 -3.4) (layer F.CrtYd) (width 0.05))
    (fp_line (start -4.7 -3.4) (end -4.7 3.4) (layer F.CrtYd) (width 0.05))
    (fp_line (start -4.7 -3.4) (end 4.7 -3.4) (layer F.CrtYd) (width 0.05))
    (fp_line (start -2.54 -3.3) (end 3.3 -3.3) (layer F.SilkS) (width 0.12))
    (fp_line (start -3.3 -2.54) (end -2.54 -3.3) (layer F.SilkS) (width 0.12))
    (fp_line (start -2.54 3.3) (end -3.3 2.54) (layer F.SilkS) (width 0.12))
    (fp_line (start 3.3 3.3) (end -2.54 3.3) (layer F.SilkS) (width 0.12))
    (fp_line (start -3.3 -2.54) (end -3.3 -1.12) (layer F.SilkS) (width 0.12))
    (fp_line (start -3.3 2.54) (end -3.3 1.12) (layer F.SilkS) (width 0.12))
    (fp_line (start 3.3 -3.3) (end 3.3 -1.12) (layer F.SilkS) (width 0.12))
    (fp_line (start 3.3 3.3) (end 3.3 1.12) (layer F.SilkS) (width 0.12))
    (fp_line (start 3.15 -3.15) (end -2.48 -3.15) (layer F.Fab) (width 0.1))
    (fp_line (start -2.48 -3.15) (end -3.15 -2.48) (layer F.Fab) (width 0.1))
    (fp_line (start -3.15 -2.48) (end -3.15 2.48) (layer F.Fab) (width 0.1))
    (fp_line (start -3.15 2.48) (end -2.48 3.15) (layer F.Fab) (width 0.1))
    (fp_line (start -2.48 3.15) (end 3.15 3.15) (layer F.Fab) (width 0.1))
    (fp_line (start 3.15 3.15) (end 3.15 -3.15) (layer F.Fab) (width 0.1))
    (fp_circle (center 0 0) (end 0.5 3) (layer F.Fab) (width 0.1))
    (fp_text user + (at -1.75 -0.08) (layer F.Fab)
      (effects (font (size 1 1) (thickness 0.15)))
    )
    (fp_text user + (at -4.28 3.01) (layer F.SilkS)
      (effects (font (size 1 1) (thickness 0.15)))
    )
    (fp_text user %R (at 0 4.56) (layer F.Fab)
      (effects (font (size 1 1) (thickness 0.15)))
    )
    (pad 1 smd rect (at -2.7 0 180) (size 3.5 1.6) (layers F.Cu F.Paste F.Mask)
      (net 1 12V))
    (pad 2 smd rect (at 2.7 0 180) (size 3.5 1.6) (layers F.Cu F.Paste F.Mask)
      (net 2 GND))
    (model Capacitors_SMD.3dshapes/CP_Elec_6.3x5.8.wrl
      (at (xyz 0 0 0))
      (scale (xyz 1 1 1))
      (rotate (xyz 0 0 180))
    )
  )

  (module Capacitors_SMD:C_0805_HandSoldering (layer F.Cu) (tedit 58AA84A8) (tstamp 60B5B344)
    (at 132.725001 216.850001)
    (descr "Capacitor SMD 0805, hand soldering")
    (tags "capacitor 0805")
    (path /60AC8F91/5F6356A5)
    (attr smd)
    (fp_text reference C4 (at 0 -1.75) (layer F.SilkS)
      (effects (font (size 1 1) (thickness 0.15)))
    )
    (fp_text value 22uF (at 0 1.75) (layer F.Fab)
      (effects (font (size 1 1) (thickness 0.15)))
    )
    (fp_line (start 2.25 0.87) (end -2.25 0.87) (layer F.CrtYd) (width 0.05))
    (fp_line (start 2.25 0.87) (end 2.25 -0.88) (layer F.CrtYd) (width 0.05))
    (fp_line (start -2.25 -0.88) (end -2.25 0.87) (layer F.CrtYd) (width 0.05))
    (fp_line (start -2.25 -0.88) (end 2.25 -0.88) (layer F.CrtYd) (width 0.05))
    (fp_line (start -0.5 0.85) (end 0.5 0.85) (layer F.SilkS) (width 0.12))
    (fp_line (start 0.5 -0.85) (end -0.5 -0.85) (layer F.SilkS) (width 0.12))
    (fp_line (start -1 -0.62) (end 1 -0.62) (layer F.Fab) (width 0.1))
    (fp_line (start 1 -0.62) (end 1 0.62) (layer F.Fab) (width 0.1))
    (fp_line (start 1 0.62) (end -1 0.62) (layer F.Fab) (width 0.1))
    (fp_line (start -1 0.62) (end -1 -0.62) (layer F.Fab) (width 0.1))
    (fp_text user %R (at 0 -1.75) (layer F.Fab)
      (effects (font (size 1 1) (thickness 0.15)))
    )
    (pad 1 smd rect (at -1.25 0) (size 1.5 1.25) (layers F.Cu F.Paste F.Mask)
      (net 1 12V))
    (pad 2 smd rect (at 1.25 0) (size 1.5 1.25) (layers F.Cu F.Paste F.Mask)
      (net 2 GND))
    (model Capacitors_SMD.3dshapes/C_0805.wrl
      (at (xyz 0 0 0))
      (scale (xyz 1 1 1))
      (rotate (xyz 0 0 0))
    )
  )

  (module Capacitors_SMD:C_0805_HandSoldering (layer F.Cu) (tedit 58AA84A8) (tstamp 60B5B355)
    (at 114.375001 229.250001)
    (descr "Capacitor SMD 0805, hand soldering")
    (tags "capacitor 0805")
    (path /60AC8F91/5F6356BA)
    (attr smd)
    (fp_text reference C6 (at 0 -1.75) (layer F.SilkS)
      (effects (font (size 1 1) (thickness 0.15)))
    )
    (fp_text value 0.1uF (at 0 1.75) (layer F.Fab)
      (effects (font (size 1 1) (thickness 0.15)))
    )
    (fp_line (start -1 0.62) (end -1 -0.62) (layer F.Fab) (width 0.1))
    (fp_line (start 1 0.62) (end -1 0.62) (layer F.Fab) (width 0.1))
    (fp_line (start 1 -0.62) (end 1 0.62) (layer F.Fab) (width 0.1))
    (fp_line (start -1 -0.62) (end 1 -0.62) (layer F.Fab) (width 0.1))
    (fp_line (start 0.5 -0.85) (end -0.5 -0.85) (layer F.SilkS) (width 0.12))
    (fp_line (start -0.5 0.85) (end 0.5 0.85) (layer F.SilkS) (width 0.12))
    (fp_line (start -2.25 -0.88) (end 2.25 -0.88) (layer F.CrtYd) (width 0.05))
    (fp_line (start -2.25 -0.88) (end -2.25 0.87) (layer F.CrtYd) (width 0.05))
    (fp_line (start 2.25 0.87) (end 2.25 -0.88) (layer F.CrtYd) (width 0.05))
    (fp_line (start 2.25 0.87) (end -2.25 0.87) (layer F.CrtYd) (width 0.05))
    (fp_text user %R (at 0 -1.75) (layer F.Fab)
      (effects (font (size 1 1) (thickness 0.15)))
    )
    (pad 2 smd rect (at 1.25 0) (size 1.5 1.25) (layers F.Cu F.Paste F.Mask)
      (net 2 GND))
    (pad 1 smd rect (at -1.25 0) (size 1.5 1.25) (layers F.Cu F.Paste F.Mask)
      (net 1 12V))
    (model Capacitors_SMD.3dshapes/C_0805.wrl
      (at (xyz 0 0 0))
      (scale (xyz 1 1 1))
      (rotate (xyz 0 0 0))
    )
  )

  (module Capacitors_SMD:C_0805_HandSoldering (layer F.Cu) (tedit 58AA84A8) (tstamp 60B5B3BB)
    (at 111.475001 233.340001)
    (descr "Capacitor SMD 0805, hand soldering")
    (tags "capacitor 0805")
    (path /60AC8F91/5F68708A)
    (attr smd)
    (fp_text reference C8 (at 0 -1.75) (layer F.SilkS)
      (effects (font (size 1 1) (thickness 0.15)))
    )
    (fp_text value 22uF (at 0 1.75) (layer F.Fab)
      (effects (font (size 1 1) (thickness 0.15)))
    )
    (fp_line (start 2.25 0.87) (end -2.25 0.87) (layer F.CrtYd) (width 0.05))
    (fp_line (start 2.25 0.87) (end 2.25 -0.88) (layer F.CrtYd) (width 0.05))
    (fp_line (start -2.25 -0.88) (end -2.25 0.87) (layer F.CrtYd) (width 0.05))
    (fp_line (start -2.25 -0.88) (end 2.25 -0.88) (layer F.CrtYd) (width 0.05))
    (fp_line (start -0.5 0.85) (end 0.5 0.85) (layer F.SilkS) (width 0.12))
    (fp_line (start 0.5 -0.85) (end -0.5 -0.85) (layer F.SilkS) (width 0.12))
    (fp_line (start -1 -0.62) (end 1 -0.62) (layer F.Fab) (width 0.1))
    (fp_line (start 1 -0.62) (end 1 0.62) (layer F.Fab) (width 0.1))
    (fp_line (start 1 0.62) (end -1 0.62) (layer F.Fab) (width 0.1))
    (fp_line (start -1 0.62) (end -1 -0.62) (layer F.Fab) (width 0.1))
    (fp_text user %R (at 0 -1.75) (layer F.Fab)
      (effects (font (size 1 1) (thickness 0.15)))
    )
    (pad 1 smd rect (at -1.25 0) (size 1.5 1.25) (layers F.Cu F.Paste F.Mask)
      (net 4 3V3D))
    (pad 2 smd rect (at 1.25 0) (size 1.5 1.25) (layers F.Cu F.Paste F.Mask)
      (net 2 GND))
    (model Capacitors_SMD.3dshapes/C_0805.wrl
      (at (xyz 0 0 0))
      (scale (xyz 1 1 1))
      (rotate (xyz 0 0 0))
    )
  )

  (module Capacitors_SMD:C_0805_HandSoldering (layer F.Cu) (tedit 58AA84A8) (tstamp 60B5B3CC)
    (at 121.055001 225.400001)
    (descr "Capacitor SMD 0805, hand soldering")
    (tags "capacitor 0805")
    (path /60AC8F91/5F687094)
    (attr smd)
    (fp_text reference C9 (at 0 -1.75) (layer F.SilkS)
      (effects (font (size 1 1) (thickness 0.15)))
    )
    (fp_text value 0.1uF (at 0 1.75) (layer F.Fab)
      (effects (font (size 1 1) (thickness 0.15)))
    )
    (fp_line (start -1 0.62) (end -1 -0.62) (layer F.Fab) (width 0.1))
    (fp_line (start 1 0.62) (end -1 0.62) (layer F.Fab) (width 0.1))
    (fp_line (start 1 -0.62) (end 1 0.62) (layer F.Fab) (width 0.1))
    (fp_line (start -1 -0.62) (end 1 -0.62) (layer F.Fab) (width 0.1))
    (fp_line (start 0.5 -0.85) (end -0.5 -0.85) (layer F.SilkS) (width 0.12))
    (fp_line (start -0.5 0.85) (end 0.5 0.85) (layer F.SilkS) (width 0.12))
    (fp_line (start -2.25 -0.88) (end 2.25 -0.88) (layer F.CrtYd) (width 0.05))
    (fp_line (start -2.25 -0.88) (end -2.25 0.87) (layer F.CrtYd) (width 0.05))
    (fp_line (start 2.25 0.87) (end 2.25 -0.88) (layer F.CrtYd) (width 0.05))
    (fp_line (start 2.25 0.87) (end -2.25 0.87) (layer F.CrtYd) (width 0.05))
    (fp_text user %R (at 0 -1.75) (layer F.Fab)
      (effects (font (size 1 1) (thickness 0.15)))
    )
    (pad 2 smd rect (at 1.25 0) (size 1.5 1.25) (layers F.Cu F.Paste F.Mask)
      (net 2 GND))
    (pad 1 smd rect (at -1.25 0) (size 1.5 1.25) (layers F.Cu F.Paste F.Mask)
      (net 4 3V3D))
    (model Capacitors_SMD.3dshapes/C_0805.wrl
      (at (xyz 0 0 0))
      (scale (xyz 1 1 1))
      (rotate (xyz 0 0 0))
    )
  )

  (module Capacitors_SMD:CP_Elec_6.3x5.8 (layer F.Cu) (tedit 58AA8B59) (tstamp 60B5B40A)
    (at 249.115001 188.525001)
    (descr "SMT capacitor, aluminium electrolytic, 6.3x5.8")
    (path /60B81B0D/60BB4E77)
    (attr smd)
    (fp_text reference C13 (at 0 4.56) (layer F.SilkS)
      (effects (font (size 1 1) (thickness 0.15)))
    )
    (fp_text value 100uF (at 0 -4.56) (layer F.Fab)
      (effects (font (size 1 1) (thickness 0.15)))
    )
    (fp_circle (center 0 0) (end 0.5 3) (layer F.Fab) (width 0.1))
    (fp_line (start 3.15 3.15) (end 3.15 -3.15) (layer F.Fab) (width 0.1))
    (fp_line (start -2.48 3.15) (end 3.15 3.15) (layer F.Fab) (width 0.1))
    (fp_line (start -3.15 2.48) (end -2.48 3.15) (layer F.Fab) (width 0.1))
    (fp_line (start -3.15 -2.48) (end -3.15 2.48) (layer F.Fab) (width 0.1))
    (fp_line (start -2.48 -3.15) (end -3.15 -2.48) (layer F.Fab) (width 0.1))
    (fp_line (start 3.15 -3.15) (end -2.48 -3.15) (layer F.Fab) (width 0.1))
    (fp_line (start 3.3 3.3) (end 3.3 1.12) (layer F.SilkS) (width 0.12))
    (fp_line (start 3.3 -3.3) (end 3.3 -1.12) (layer F.SilkS) (width 0.12))
    (fp_line (start -3.3 2.54) (end -3.3 1.12) (layer F.SilkS) (width 0.12))
    (fp_line (start -3.3 -2.54) (end -3.3 -1.12) (layer F.SilkS) (width 0.12))
    (fp_line (start 3.3 3.3) (end -2.54 3.3) (layer F.SilkS) (width 0.12))
    (fp_line (start -2.54 3.3) (end -3.3 2.54) (layer F.SilkS) (width 0.12))
    (fp_line (start -3.3 -2.54) (end -2.54 -3.3) (layer F.SilkS) (width 0.12))
    (fp_line (start -2.54 -3.3) (end 3.3 -3.3) (layer F.SilkS) (width 0.12))
    (fp_line (start -4.7 -3.4) (end 4.7 -3.4) (layer F.CrtYd) (width 0.05))
    (fp_line (start -4.7 -3.4) (end -4.7 3.4) (layer F.CrtYd) (width 0.05))
    (fp_line (start 4.7 3.4) (end 4.7 -3.4) (layer F.CrtYd) (width 0.05))
    (fp_line (start 4.7 3.4) (end -4.7 3.4) (layer F.CrtYd) (width 0.05))
    (fp_text user %R (at 0 4.56) (layer F.Fab)
      (effects (font (size 1 1) (thickness 0.15)))
    )
    (fp_text user + (at -4.28 3.01) (layer F.SilkS)
      (effects (font (size 1 1) (thickness 0.15)))
    )
    (fp_text user + (at -1.75 -0.08) (layer F.Fab)
      (effects (font (size 1 1) (thickness 0.15)))
    )
    (pad 2 smd rect (at 2.7 0 180) (size 3.5 1.6) (layers F.Cu F.Paste F.Mask)
      (net 2 GND))
    (pad 1 smd rect (at -2.7 0 180) (size 3.5 1.6) (layers F.Cu F.Paste F.Mask)
      (net 6 12V_BD_VIN))
    (model Capacitors_SMD.3dshapes/CP_Elec_6.3x5.8.wrl
      (at (xyz 0 0 0))
      (scale (xyz 1 1 1))
      (rotate (xyz 0 0 180))
    )
  )

  (module Capacitors_SMD:CP_Elec_6.3x5.8 (layer F.Cu) (tedit 58AA8B59) (tstamp 60B5B426)
    (at 236.955001 193.285001)
    (descr "SMT capacitor, aluminium electrolytic, 6.3x5.8")
    (path /60B81B0D/60BB4DC4)
    (attr smd)
    (fp_text reference C14 (at 0 4.56) (layer F.SilkS)
      (effects (font (size 1 1) (thickness 0.15)))
    )
    (fp_text value 100uF (at 0 -4.56) (layer F.Fab)
      (effects (font (size 1 1) (thickness 0.15)))
    )
    (fp_circle (center 0 0) (end 0.5 3) (layer F.Fab) (width 0.1))
    (fp_line (start 3.15 3.15) (end 3.15 -3.15) (layer F.Fab) (width 0.1))
    (fp_line (start -2.48 3.15) (end 3.15 3.15) (layer F.Fab) (width 0.1))
    (fp_line (start -3.15 2.48) (end -2.48 3.15) (layer F.Fab) (width 0.1))
    (fp_line (start -3.15 -2.48) (end -3.15 2.48) (layer F.Fab) (width 0.1))
    (fp_line (start -2.48 -3.15) (end -3.15 -2.48) (layer F.Fab) (width 0.1))
    (fp_line (start 3.15 -3.15) (end -2.48 -3.15) (layer F.Fab) (width 0.1))
    (fp_line (start 3.3 3.3) (end 3.3 1.12) (layer F.SilkS) (width 0.12))
    (fp_line (start 3.3 -3.3) (end 3.3 -1.12) (layer F.SilkS) (width 0.12))
    (fp_line (start -3.3 2.54) (end -3.3 1.12) (layer F.SilkS) (width 0.12))
    (fp_line (start -3.3 -2.54) (end -3.3 -1.12) (layer F.SilkS) (width 0.12))
    (fp_line (start 3.3 3.3) (end -2.54 3.3) (layer F.SilkS) (width 0.12))
    (fp_line (start -2.54 3.3) (end -3.3 2.54) (layer F.SilkS) (width 0.12))
    (fp_line (start -3.3 -2.54) (end -2.54 -3.3) (layer F.SilkS) (width 0.12))
    (fp_line (start -2.54 -3.3) (end 3.3 -3.3) (layer F.SilkS) (width 0.12))
    (fp_line (start -4.7 -3.4) (end 4.7 -3.4) (layer F.CrtYd) (width 0.05))
    (fp_line (start -4.7 -3.4) (end -4.7 3.4) (layer F.CrtYd) (width 0.05))
    (fp_line (start 4.7 3.4) (end 4.7 -3.4) (layer F.CrtYd) (width 0.05))
    (fp_line (start 4.7 3.4) (end -4.7 3.4) (layer F.CrtYd) (width 0.05))
    (fp_text user %R (at 0 4.56) (layer F.Fab)
      (effects (font (size 1 1) (thickness 0.15)))
    )
    (fp_text user + (at -4.28 3.01) (layer F.SilkS)
      (effects (font (size 1 1) (thickness 0.15)))
    )
    (fp_text user + (at -1.75 -0.08) (layer F.Fab)
      (effects (font (size 1 1) (thickness 0.15)))
    )
    (pad 2 smd rect (at 2.7 0 180) (size 3.5 1.6) (layers F.Cu F.Paste F.Mask)
      (net 2 GND))
    (pad 1 smd rect (at -2.7 0 180) (size 3.5 1.6) (layers F.Cu F.Paste F.Mask)
      (net 6 12V_BD_VIN))
    (model Capacitors_SMD.3dshapes/CP_Elec_6.3x5.8.wrl
      (at (xyz 0 0 0))
      (scale (xyz 1 1 1))
      (rotate (xyz 0 0 180))
    )
  )

  (module Capacitors_SMD:C_0805_HandSoldering (layer F.Cu) (tedit 58AA84A8) (tstamp 60B5B437)
    (at 196.005001 223.660001)
    (descr "Capacitor SMD 0805, hand soldering")
    (tags "capacitor 0805")
    (path /60B81B0D/60BB4D90)
    (attr smd)
    (fp_text reference C15 (at 0 -1.75) (layer F.SilkS)
      (effects (font (size 1 1) (thickness 0.15)))
    )
    (fp_text value 10uF (at 0 1.75) (layer F.Fab)
      (effects (font (size 1 1) (thickness 0.15)))
    )
    (fp_line (start 2.25 0.87) (end -2.25 0.87) (layer F.CrtYd) (width 0.05))
    (fp_line (start 2.25 0.87) (end 2.25 -0.88) (layer F.CrtYd) (width 0.05))
    (fp_line (start -2.25 -0.88) (end -2.25 0.87) (layer F.CrtYd) (width 0.05))
    (fp_line (start -2.25 -0.88) (end 2.25 -0.88) (layer F.CrtYd) (width 0.05))
    (fp_line (start -0.5 0.85) (end 0.5 0.85) (layer F.SilkS) (width 0.12))
    (fp_line (start 0.5 -0.85) (end -0.5 -0.85) (layer F.SilkS) (width 0.12))
    (fp_line (start -1 -0.62) (end 1 -0.62) (layer F.Fab) (width 0.1))
    (fp_line (start 1 -0.62) (end 1 0.62) (layer F.Fab) (width 0.1))
    (fp_line (start 1 0.62) (end -1 0.62) (layer F.Fab) (width 0.1))
    (fp_line (start -1 0.62) (end -1 -0.62) (layer F.Fab) (width 0.1))
    (fp_text user %R (at 0 -1.75) (layer F.Fab)
      (effects (font (size 1 1) (thickness 0.15)))
    )
    (pad 1 smd rect (at -1.25 0) (size 1.5 1.25) (layers F.Cu F.Paste F.Mask)
      (net 6 12V_BD_VIN))
    (pad 2 smd rect (at 1.25 0) (size 1.5 1.25) (layers F.Cu F.Paste F.Mask)
      (net 2 GND))
    (model Capacitors_SMD.3dshapes/C_0805.wrl
      (at (xyz 0 0 0))
      (scale (xyz 1 1 1))
      (rotate (xyz 0 0 0))
    )
  )

  (module Capacitors_SMD:C_0805_HandSoldering (layer F.Cu) (tedit 58AA84A8) (tstamp 60B5B448)
    (at 214.765001 225.520001)
    (descr "Capacitor SMD 0805, hand soldering")
    (tags "capacitor 0805")
    (path /60B81B0D/60BB4D9D)
    (attr smd)
    (fp_text reference C16 (at 0 -1.75) (layer F.SilkS)
      (effects (font (size 1 1) (thickness 0.15)))
    )
    (fp_text value 10uF (at 0 1.75) (layer F.Fab)
      (effects (font (size 1 1) (thickness 0.15)))
    )
    (fp_line (start 2.25 0.87) (end -2.25 0.87) (layer F.CrtYd) (width 0.05))
    (fp_line (start 2.25 0.87) (end 2.25 -0.88) (layer F.CrtYd) (width 0.05))
    (fp_line (start -2.25 -0.88) (end -2.25 0.87) (layer F.CrtYd) (width 0.05))
    (fp_line (start -2.25 -0.88) (end 2.25 -0.88) (layer F.CrtYd) (width 0.05))
    (fp_line (start -0.5 0.85) (end 0.5 0.85) (layer F.SilkS) (width 0.12))
    (fp_line (start 0.5 -0.85) (end -0.5 -0.85) (layer F.SilkS) (width 0.12))
    (fp_line (start -1 -0.62) (end 1 -0.62) (layer F.Fab) (width 0.1))
    (fp_line (start 1 -0.62) (end 1 0.62) (layer F.Fab) (width 0.1))
    (fp_line (start 1 0.62) (end -1 0.62) (layer F.Fab) (width 0.1))
    (fp_line (start -1 0.62) (end -1 -0.62) (layer F.Fab) (width 0.1))
    (fp_text user %R (at 0 -1.75) (layer F.Fab)
      (effects (font (size 1 1) (thickness 0.15)))
    )
    (pad 1 smd rect (at -1.25 0) (size 1.5 1.25) (layers F.Cu F.Paste F.Mask)
      (net 6 12V_BD_VIN))
    (pad 2 smd rect (at 1.25 0) (size 1.5 1.25) (layers F.Cu F.Paste F.Mask)
      (net 2 GND))
    (model Capacitors_SMD.3dshapes/C_0805.wrl
      (at (xyz 0 0 0))
      (scale (xyz 1 1 1))
      (rotate (xyz 0 0 0))
    )
  )

  (module Capacitors_SMD:C_0805_HandSoldering (layer F.Cu) (tedit 58AA84A8) (tstamp 60B5B459)
    (at 256.805001 199.500001)
    (descr "Capacitor SMD 0805, hand soldering")
    (tags "capacitor 0805")
    (path /60B81B0D/60BB4DAA)
    (attr smd)
    (fp_text reference C17 (at 0 -1.75) (layer F.SilkS)
      (effects (font (size 1 1) (thickness 0.15)))
    )
    (fp_text value 0.1uF (at 0 1.75) (layer F.Fab)
      (effects (font (size 1 1) (thickness 0.15)))
    )
    (fp_line (start -1 0.62) (end -1 -0.62) (layer F.Fab) (width 0.1))
    (fp_line (start 1 0.62) (end -1 0.62) (layer F.Fab) (width 0.1))
    (fp_line (start 1 -0.62) (end 1 0.62) (layer F.Fab) (width 0.1))
    (fp_line (start -1 -0.62) (end 1 -0.62) (layer F.Fab) (width 0.1))
    (fp_line (start 0.5 -0.85) (end -0.5 -0.85) (layer F.SilkS) (width 0.12))
    (fp_line (start -0.5 0.85) (end 0.5 0.85) (layer F.SilkS) (width 0.12))
    (fp_line (start -2.25 -0.88) (end 2.25 -0.88) (layer F.CrtYd) (width 0.05))
    (fp_line (start -2.25 -0.88) (end -2.25 0.87) (layer F.CrtYd) (width 0.05))
    (fp_line (start 2.25 0.87) (end 2.25 -0.88) (layer F.CrtYd) (width 0.05))
    (fp_line (start 2.25 0.87) (end -2.25 0.87) (layer F.CrtYd) (width 0.05))
    (fp_text user %R (at 0 -1.75) (layer F.Fab)
      (effects (font (size 1 1) (thickness 0.15)))
    )
    (pad 2 smd rect (at 1.25 0) (size 1.5 1.25) (layers F.Cu F.Paste F.Mask)
      (net 2 GND))
    (pad 1 smd rect (at -1.25 0) (size 1.5 1.25) (layers F.Cu F.Paste F.Mask)
      (net 6 12V_BD_VIN))
    (model Capacitors_SMD.3dshapes/C_0805.wrl
      (at (xyz 0 0 0))
      (scale (xyz 1 1 1))
      (rotate (xyz 0 0 0))
    )
  )

  (module Capacitors_ThroughHole:CP_Radial_D13.0mm_P5.00mm (layer F.Cu) (tedit 597BC7C2) (tstamp 60B8C537)
    (at 226.85 89.63 270)
    (descr "CP, Radial series, Radial, pin pitch=5.00mm, , diameter=13mm, Electrolytic Capacitor")
    (tags "CP Radial series Radial pin pitch 5.00mm  diameter 13mm Electrolytic Capacitor")
    (path /60B81B0D/60BB4F13)
    (fp_text reference C18 (at 2.5 -7.81 90) (layer F.SilkS)
      (effects (font (size 1 1) (thickness 0.15)))
    )
    (fp_text value 10F2.7V (at 2.5 7.81 90) (layer F.Fab)
      (effects (font (size 1 1) (thickness 0.15)))
    )
    (fp_circle (center 2.5 0) (end 9 0) (layer F.Fab) (width 0.1))
    (fp_circle (center 2.5 0) (end 9.09 0) (layer F.SilkS) (width 0.12))
    (fp_line (start -3.2 0) (end -1.4 0) (layer F.Fab) (width 0.1))
    (fp_line (start -2.3 -0.9) (end -2.3 0.9) (layer F.Fab) (width 0.1))
    (fp_line (start 2.5 -6.55) (end 2.5 6.55) (layer F.SilkS) (width 0.12))
    (fp_line (start 2.54 -6.55) (end 2.54 6.55) (layer F.SilkS) (width 0.12))
    (fp_line (start 2.58 -6.55) (end 2.58 6.55) (layer F.SilkS) (width 0.12))
    (fp_line (start 2.62 -6.549) (end 2.62 6.549) (layer F.SilkS) (width 0.12))
    (fp_line (start 2.66 -6.549) (end 2.66 6.549) (layer F.SilkS) (width 0.12))
    (fp_line (start 2.7 -6.547) (end 2.7 6.547) (layer F.SilkS) (width 0.12))
    (fp_line (start 2.74 -6.546) (end 2.74 6.546) (layer F.SilkS) (width 0.12))
    (fp_line (start 2.78 -6.545) (end 2.78 6.545) (layer F.SilkS) (width 0.12))
    (fp_line (start 2.82 -6.543) (end 2.82 6.543) (layer F.SilkS) (width 0.12))
    (fp_line (start 2.86 -6.541) (end 2.86 6.541) (layer F.SilkS) (width 0.12))
    (fp_line (start 2.9 -6.538) (end 2.9 6.538) (layer F.SilkS) (width 0.12))
    (fp_line (start 2.94 -6.536) (end 2.94 6.536) (layer F.SilkS) (width 0.12))
    (fp_line (start 2.98 -6.533) (end 2.98 6.533) (layer F.SilkS) (width 0.12))
    (fp_line (start 3.02 -6.53) (end 3.02 6.53) (layer F.SilkS) (width 0.12))
    (fp_line (start 3.06 -6.527) (end 3.06 6.527) (layer F.SilkS) (width 0.12))
    (fp_line (start 3.1 -6.523) (end 3.1 6.523) (layer F.SilkS) (width 0.12))
    (fp_line (start 3.14 -6.519) (end 3.14 6.519) (layer F.SilkS) (width 0.12))
    (fp_line (start 3.18 -6.515) (end 3.18 6.515) (layer F.SilkS) (width 0.12))
    (fp_line (start 3.221 -6.511) (end 3.221 6.511) (layer F.SilkS) (width 0.12))
    (fp_line (start 3.261 -6.507) (end 3.261 6.507) (layer F.SilkS) (width 0.12))
    (fp_line (start 3.301 -6.502) (end 3.301 6.502) (layer F.SilkS) (width 0.12))
    (fp_line (start 3.341 -6.497) (end 3.341 6.497) (layer F.SilkS) (width 0.12))
    (fp_line (start 3.381 -6.491) (end 3.381 6.491) (layer F.SilkS) (width 0.12))
    (fp_line (start 3.421 -6.486) (end 3.421 6.486) (layer F.SilkS) (width 0.12))
    (fp_line (start 3.461 -6.48) (end 3.461 6.48) (layer F.SilkS) (width 0.12))
    (fp_line (start 3.501 -6.474) (end 3.501 6.474) (layer F.SilkS) (width 0.12))
    (fp_line (start 3.541 -6.468) (end 3.541 6.468) (layer F.SilkS) (width 0.12))
    (fp_line (start 3.581 -6.461) (end 3.581 6.461) (layer F.SilkS) (width 0.12))
    (fp_line (start 3.621 -6.455) (end 3.621 -1.38) (layer F.SilkS) (width 0.12))
    (fp_line (start 3.621 1.38) (end 3.621 6.455) (layer F.SilkS) (width 0.12))
    (fp_line (start 3.661 -6.448) (end 3.661 -1.38) (layer F.SilkS) (width 0.12))
    (fp_line (start 3.661 1.38) (end 3.661 6.448) (layer F.SilkS) (width 0.12))
    (fp_line (start 3.701 -6.44) (end 3.701 -1.38) (layer F.SilkS) (width 0.12))
    (fp_line (start 3.701 1.38) (end 3.701 6.44) (layer F.SilkS) (width 0.12))
    (fp_line (start 3.741 -6.433) (end 3.741 -1.38) (layer F.SilkS) (width 0.12))
    (fp_line (start 3.741 1.38) (end 3.741 6.433) (layer F.SilkS) (width 0.12))
    (fp_line (start 3.781 -6.425) (end 3.781 -1.38) (layer F.SilkS) (width 0.12))
    (fp_line (start 3.781 1.38) (end 3.781 6.425) (layer F.SilkS) (width 0.12))
    (fp_line (start 3.821 -6.417) (end 3.821 -1.38) (layer F.SilkS) (width 0.12))
    (fp_line (start 3.821 1.38) (end 3.821 6.417) (layer F.SilkS) (width 0.12))
    (fp_line (start 3.861 -6.409) (end 3.861 -1.38) (layer F.SilkS) (width 0.12))
    (fp_line (start 3.861 1.38) (end 3.861 6.409) (layer F.SilkS) (width 0.12))
    (fp_line (start 3.901 -6.4) (end 3.901 -1.38) (layer F.SilkS) (width 0.12))
    (fp_line (start 3.901 1.38) (end 3.901 6.4) (layer F.SilkS) (width 0.12))
