(kicad_pcb (version 20171130) (host pcbnew "(5.1.6-0-10_14)")

  (general
    (thickness 1.6)
    (drawings 154)
    (tracks 172)
    (zones 0)
    (modules 10)
    (nets 11)
  )

  (page A4)
  (layers
    (0 F.Cu signal)
    (31 B.Cu signal)
    (32 B.Adhes user)
    (33 F.Adhes user)
    (34 B.Paste user)
    (35 F.Paste user)
    (36 B.SilkS user)
    (37 F.SilkS user)
    (38 B.Mask user)
    (39 F.Mask user)
    (40 Dwgs.User user)
    (41 Cmts.User user)
    (42 Eco1.User user)
    (43 Eco2.User user)
    (44 Edge.Cuts user)
    (45 Margin user)
    (46 B.CrtYd user)
    (47 F.CrtYd user)
    (48 B.Fab user)
    (49 F.Fab user)
  )

  (setup
    (last_trace_width 0.25)
    (trace_clearance 0.2)
    (zone_clearance 0.508)
    (zone_45_only no)
    (trace_min 0.2)
    (via_size 0.8)
    (via_drill 0.4)
    (via_min_size 0.4)
    (via_min_drill 0.3)
    (uvia_size 0.3)
    (uvia_drill 0.1)
    (uvias_allowed no)
    (uvia_min_size 0.2)
    (uvia_min_drill 0.1)
    (edge_width 0.1)
    (segment_width 0.2)
    (pcb_text_width 0.3)
    (pcb_text_size 1.5 1.5)
    (mod_edge_width 0.15)
    (mod_text_size 1 1)
    (mod_text_width 0.15)
    (pad_size 2 2)
    (pad_drill 1.3)
    (pad_to_mask_clearance 0)
    (aux_axis_origin 0 0)
    (grid_origin 0.5 0.5)
    (visible_elements FFFFFF7F)
    (pcbplotparams
      (layerselection 0x010fc_ffffffff)
      (usegerberextensions true)
      (usegerberattributes false)
      (usegerberadvancedattributes true)
      (creategerberjobfile true)
      (excludeedgelayer true)
      (linewidth 0.100000)
      (plotframeref false)
      (viasonmask false)
      (mode 1)
      (useauxorigin false)
      (hpglpennumber 1)
      (hpglpenspeed 20)
      (hpglpendiameter 15.000000)
      (psnegative false)
      (psa4output false)
      (plotreference true)
      (plotvalue true)
      (plotinvisibletext false)
      (padsonsilk false)
      (subtractmaskfromsilk false)
      (outputformat 1)
      (mirror false)
      (drillshape 0)
      (scaleselection 1)
      (outputdirectory ""))
  )

  (net 0 "")
  (net 1 GND)
  (net 2 VCC)
  (net 3 OUT1)
  (net 4 OUT2)
  (net 5 OUT3)
  (net 6 OUT4)
  (net 7 OUT5)
  (net 8 OUT6)
  (net 9 OUT7)
  (net 10 OUT8)

  (net_class Default "This is the default net class."
    (clearance 0.2)
    (trace_width 0.25)
    (via_dia 0.8)
    (via_drill 0.4)
    (uvia_dia 0.3)
    (uvia_drill 0.1)
    (add_net GND)
    (add_net OUT1)
    (add_net OUT2)
    (add_net OUT3)
    (add_net OUT4)
    (add_net OUT5)
    (add_net OUT6)
    (add_net OUT7)
    (add_net OUT8)
    (add_net VCC)
  )

  (module LEDs:LED_D5.0mm (layer F.Cu) (tedit 5F4332C1) (tstamp 5EFF066C)
    (at 164.73 113.5)
    (descr "LED, diameter 5.0mm, 2 pins, http://cdn-reichelt.de/documents/datenblatt/A500/LL-504BC2E-009.pdf")
    (tags "LED diameter 5.0mm 2 pins")
    (path /5ECD722C)
    (fp_text reference D1 (at 1.27 -3.96) (layer F.SilkS)
      (effects (font (size 1 1) (thickness 0.15)))
    )
    (fp_text value LED (at 1.27 3.96) (layer F.Fab)
      (effects (font (size 1 1) (thickness 0.15)))
    )
    (fp_circle (center 1.27 0) (end 3.77 0) (layer F.Fab) (width 0.1))
    (fp_circle (center 1.27 0) (end 3.77 0) (layer F.SilkS) (width 0.12))
    (fp_line (start -1.23 -1.469694) (end -1.23 1.469694) (layer F.Fab) (width 0.1))
    (fp_line (start -1.29 -1.545) (end -1.29 1.545) (layer F.SilkS) (width 0.12))
    (fp_line (start -1.95 -3.25) (end -1.95 3.25) (layer F.CrtYd) (width 0.05))
    (fp_line (start -1.95 3.25) (end 4.5 3.25) (layer F.CrtYd) (width 0.05))
    (fp_line (start 4.5 3.25) (end 4.5 -3.25) (layer F.CrtYd) (width 0.05))
    (fp_line (start 4.5 -3.25) (end -1.95 -3.25) (layer F.CrtYd) (width 0.05))
    (fp_arc (start 1.27 0) (end -1.23 -1.469694) (angle 299.1) (layer F.Fab) (width 0.1))
    (fp_arc (start 1.27 0) (end -1.29 -1.54483) (angle 148.9) (layer F.SilkS) (width 0.12))
    (fp_arc (start 1.27 0) (end -1.29 1.54483) (angle -148.9) (layer F.SilkS) (width 0.12))
    (fp_text user %R (at 2.36 -1.44) (layer F.Fab)
      (effects (font (size 0.8 0.8) (thickness 0.2)))
    )
    (pad 1 thru_hole rect (at 0 0) (size 1.8 1.8) (drill 1.3) (layers *.Cu *.Mask)
      (net 3 OUT1))
    (pad 2 thru_hole circle (at 2.54 0) (size 2 2) (drill 1.3) (layers *.Cu *.Mask)
      (net 2 VCC))
    (model ${KISYS3DMOD}/LEDs.3dshapes/LED_D5.0mm.wrl
      (at (xyz 0 0 0))
      (scale (xyz 0.393701 0.393701 0.393701))
      (rotate (xyz 0 0 0))
    )
    (model :desktop:OVLEW1CB9_OVLGC0C6B9.step.step
      (at (xyz 0 0 0))
      (scale (xyz 1 1 1))
      (rotate (xyz 0 0 0))
    )
  )

  (module LEDs:LED_D5.0mm (layer F.Cu) (tedit 5F4332B7) (tstamp 5EFF0639)
    (at 155.73 113.5)
    (descr "LED, diameter 5.0mm, 2 pins, http://cdn-reichelt.de/documents/datenblatt/A500/LL-504BC2E-009.pdf")
    (tags "LED diameter 5.0mm 2 pins")
    (path /5ECD7222)
    (fp_text reference D2 (at 1.27 -3.96) (layer F.SilkS)
      (effects (font (size 1 1) (thickness 0.15)))
    )
    (fp_text value LED (at 1.27 3.96) (layer F.Fab)
      (effects (font (size 1 1) (thickness 0.15)))
    )
    (fp_line (start 4.5 -3.25) (end -1.95 -3.25) (layer F.CrtYd) (width 0.05))
    (fp_line (start 4.5 3.25) (end 4.5 -3.25) (layer F.CrtYd) (width 0.05))
    (fp_line (start -1.95 3.25) (end 4.5 3.25) (layer F.CrtYd) (width 0.05))
    (fp_line (start -1.95 -3.25) (end -1.95 3.25) (layer F.CrtYd) (width 0.05))
    (fp_line (start -1.29 -1.545) (end -1.29 1.545) (layer F.SilkS) (width 0.12))
    (fp_line (start -1.23 -1.469694) (end -1.23 1.469694) (layer F.Fab) (width 0.1))
    (fp_circle (center 1.27 0) (end 3.77 0) (layer F.SilkS) (width 0.12))
    (fp_circle (center 1.27 0) (end 3.77 0) (layer F.Fab) (width 0.1))
    (fp_text user %R (at 1.25 0) (layer F.Fab)
      (effects (font (size 0.8 0.8) (thickness 0.2)))
    )
    (fp_arc (start 1.27 0) (end -1.29 1.54483) (angle -148.9) (layer F.SilkS) (width 0.12))
    (fp_arc (start 1.27 0) (end -1.29 -1.54483) (angle 148.9) (layer F.SilkS) (width 0.12))
    (fp_arc (start 1.27 0) (end -1.23 -1.469694) (angle 299.1) (layer F.Fab) (width 0.1))
    (pad 2 thru_hole circle (at 2.54 0) (size 2 2) (drill 1.3) (layers *.Cu *.Mask)
      (net 2 VCC))
    (pad 1 thru_hole rect (at 0 0) (size 1.8 1.8) (drill 1.3) (layers *.Cu *.Mask)
      (net 4 OUT2))
    (model ${KISYS3DMOD}/LEDs.3dshapes/LED_D5.0mm.wrl
      (at (xyz 0 0 0))
      (scale (xyz 0.393701 0.393701 0.393701))
      (rotate (xyz 0 0 0))
    )
    (model :desktop:OVLEW1CB9_OVLGC0C6B9.step.step
      (at (xyz 0 0 0))
      (scale (xyz 1 1 1))
      (rotate (xyz 0 0 0))
    )
  )

  (module LEDs:LED_D5.0mm (layer F.Cu) (tedit 5F4332AE) (tstamp 5EFF0606)
    (at 146.73 113.5)
    (descr "LED, diameter 5.0mm, 2 pins, http://cdn-reichelt.de/documents/datenblatt/A500/LL-504BC2E-009.pdf")
    (tags "LED diameter 5.0mm 2 pins")
    (path /5ECD7218)
    (fp_text reference D3 (at 1.27 -3.96) (layer F.SilkS)
      (effects (font (size 1 1) (thickness 0.15)))
    )
    (fp_text value LED (at 1.27 3.96) (layer F.Fab)
      (effects (font (size 1 1) (thickness 0.15)))
    )
    (fp_circle (center 1.27 0) (end 3.77 0) (layer F.Fab) (width 0.1))
    (fp_circle (center 1.27 0) (end 3.77 0) (layer F.SilkS) (width 0.12))
    (fp_line (start -1.23 -1.469694) (end -1.23 1.469694) (layer F.Fab) (width 0.1))
    (fp_line (start -1.29 -1.545) (end -1.29 1.545) (layer F.SilkS) (width 0.12))
    (fp_line (start -1.95 -3.25) (end -1.95 3.25) (layer F.CrtYd) (width 0.05))
    (fp_line (start -1.95 3.25) (end 4.5 3.25) (layer F.CrtYd) (width 0.05))
    (fp_line (start 4.5 3.25) (end 4.5 -3.25) (layer F.CrtYd) (width 0.05))
    (fp_line (start 4.5 -3.25) (end -1.95 -3.25) (layer F.CrtYd) (width 0.05))
    (fp_arc (start 1.27 0) (end -1.23 -1.469694) (angle 299.1) (layer F.Fab) (width 0.1))
    (fp_arc (start 1.27 0) (end -1.29 -1.54483) (angle 148.9) (layer F.SilkS) (width 0.12))
    (fp_arc (start 1.27 0) (end -1.29 1.54483) (angle -148.9) (layer F.SilkS) (width 0.12))
    (fp_text user %R (at 1.25 0) (layer F.Fab)
      (effects (font (size 0.8 0.8) (thickness 0.2)))
    )
    (pad 1 thru_hole rect (at 0 0) (size 1.8 1.8) (drill 1.3) (layers *.Cu *.Mask)
      (net 5 OUT3))
    (pad 2 thru_hole circle (at 2.54 0) (size 2 2) (drill 1.3) (layers *.Cu *.Mask)
      (net 2 VCC))
    (model ${KISYS3DMOD}/LEDs.3dshapes/LED_D5.0mm.wrl
      (at (xyz 0 0 0))
      (scale (xyz 0.3937 0.3937 0.3937))
      (rotate (xyz 0 0 0))
    )
    (model :desktop:OVLEW1CB9_OVLGC0C6B9.step.step
      (at (xyz 0 0 0))
      (scale (xyz 1 1 1))
      (rotate (xyz 0 0 0))
    )
  )

  (module LEDs:LED_D5.0mm (layer F.Cu) (tedit 5F4332A4) (tstamp 5EFF05D3)
    (at 137.73 113.5)
    (descr "LED, diameter 5.0mm, 2 pins, http://cdn-reichelt.de/documents/datenblatt/A500/LL-504BC2E-009.pdf")
    (tags "LED diameter 5.0mm 2 pins")
    (path /5ECD720E)
    (fp_text reference D4 (at 1.27 -3.96) (layer F.SilkS)
      (effects (font (size 1 1) (thickness 0.15)))
    )
    (fp_text value LED (at 1.27 3.96) (layer F.Fab)
      (effects (font (size 1 1) (thickness 0.15)))
    )
    (fp_line (start 4.5 -3.25) (end -1.95 -3.25) (layer F.CrtYd) (width 0.05))
    (fp_line (start 4.5 3.25) (end 4.5 -3.25) (layer F.CrtYd) (width 0.05))
    (fp_line (start -1.95 3.25) (end 4.5 3.25) (layer F.CrtYd) (width 0.05))
    (fp_line (start -1.95 -3.25) (end -1.95 3.25) (layer F.CrtYd) (width 0.05))
    (fp_line (start -1.29 -1.545) (end -1.29 1.545) (layer F.SilkS) (width 0.12))
    (fp_line (start -1.23 -1.469694) (end -1.23 1.469694) (layer F.Fab) (width 0.1))
    (fp_circle (center 1.27 0) (end 3.77 0) (layer F.SilkS) (width 0.12))
    (fp_circle (center 1.27 0) (end 3.77 0) (layer F.Fab) (width 0.1))
    (fp_text user %R (at 1.25 0) (layer F.Fab)
      (effects (font (size 0.8 0.8) (thickness 0.2)))
    )
    (fp_arc (start 1.27 0) (end -1.29 1.54483) (angle -148.9) (layer F.SilkS) (width 0.12))
    (fp_arc (start 1.27 0) (end -1.29 -1.54483) (angle 148.9) (layer F.SilkS) (width 0.12))
    (fp_arc (start 1.27 0) (end -1.23 -1.469694) (angle 299.1) (layer F.Fab) (width 0.1))
    (pad 2 thru_hole circle (at 2.54 0) (size 2 2) (drill 1.3) (layers *.Cu *.Mask)
      (net 2 VCC))
    (pad 1 thru_hole rect (at 0 0) (size 1.8 1.8) (drill 1.3) (layers *.Cu *.Mask)
      (net 6 OUT4))
    (model ${KISYS3DMOD}/LEDs.3dshapes/LED_D5.0mm.wrl
      (at (xyz 0 0 0))
      (scale (xyz 0.393701 0.393701 0.393701))
      (rotate (xyz 0 0 0))
    )
    (model :desktop:OVLEW1CB9_OVLGC0C6B9.step.step
      (at (xyz 0 0 0))
      (scale (xyz 1 1 1))
      (rotate (xyz 0 0 0))
    )
  )

  (module LEDs:LED_D5.0mm (layer F.Cu) (tedit 5F433298) (tstamp 5EFFA656)
    (at 128.73 113.5)
    (descr "LED, diameter 5.0mm, 2 pins, http://cdn-reichelt.de/documents/datenblatt/A500/LL-504BC2E-009.pdf")
    (tags "LED diameter 5.0mm 2 pins")
    (path /5ECD30CB)
    (fp_text reference D5 (at 1.27 -3.96) (layer F.SilkS)
      (effects (font (size 1 1) (thickness 0.15)))
    )
    (fp_text value LED (at 1.27 3.96) (layer F.Fab)
      (effects (font (size 1 1) (thickness 0.15)))
    )
    (fp_circle (center 1.27 0) (end 3.77 0) (layer F.Fab) (width 0.1))
    (fp_circle (center 1.27 0) (end 3.77 0) (layer F.SilkS) (width 0.12))
    (fp_line (start -1.23 -1.469694) (end -1.23 1.469694) (layer F.Fab) (width 0.1))
    (fp_line (start -1.29 -1.545) (end -1.29 1.545) (layer F.SilkS) (width 0.12))
    (fp_line (start -1.95 -3.25) (end -1.95 3.25) (layer F.CrtYd) (width 0.05))
    (fp_line (start -1.95 3.25) (end 4.5 3.25) (layer F.CrtYd) (width 0.05))
    (fp_line (start 4.5 3.25) (end 4.5 -3.25) (layer F.CrtYd) (width 0.05))
    (fp_line (start 4.5 -3.25) (end -1.95 -3.25) (layer F.CrtYd) (width 0.05))
    (fp_arc (start 1.27 0) (end -1.23 -1.469694) (angle 299.1) (layer F.Fab) (width 0.1))
    (fp_arc (start 1.27 0) (end -1.29 -1.54483) (angle 148.9) (layer F.SilkS) (width 0.12))
    (fp_arc (start 1.27 0) (end -1.29 1.54483) (angle -148.9) (layer F.SilkS) (width 0.12))
    (fp_text user %R (at 1.25 0) (layer F.Fab)
      (effects (font (size 0.8 0.8) (thickness 0.2)))
    )
    (pad 1 thru_hole rect (at 0 0) (size 1.8 1.8) (drill 1.3) (layers *.Cu *.Mask)
      (net 7 OUT5))
    (pad 2 thru_hole circle (at 2.54 0) (size 2 2) (drill 1.3) (layers *.Cu *.Mask)
      (net 2 VCC))
    (model ${KISYS3DMOD}/LEDs.3dshapes/LED_D5.0mm.wrl
      (at (xyz 0 0 0))
      (scale (xyz 0.393701 0.393701 0.393701))
      (rotate (xyz 0 0 0))
    )
    (model :desktop:OVLEW1CB9_OVLGC0C6B9.step.step
      (at (xyz 0 0 0))
      (scale (xyz 1 1 1))
      (rotate (xyz 0 0 0))
    )
  )

  (module LEDs:LED_D5.0mm (layer F.Cu) (tedit 5F43328E) (tstamp 5EFFA623)
    (at 119.73 113.5)
    (descr "LED, diameter 5.0mm, 2 pins, http://cdn-reichelt.de/documents/datenblatt/A500/LL-504BC2E-009.pdf")
    (tags "LED diameter 5.0mm 2 pins")
    (path /5ECD2AA7)
    (fp_text reference D6 (at 1.27 -3.96) (layer F.SilkS)
      (effects (font (size 1 1) (thickness 0.15)))
    )
    (fp_text value LED (at 1.27 3.96) (layer F.Fab)
      (effects (font (size 1 1) (thickness 0.15)))
    )
    (fp_line (start 4.5 -3.25) (end -1.95 -3.25) (layer F.CrtYd) (width 0.05))
    (fp_line (start 4.5 3.25) (end 4.5 -3.25) (layer F.CrtYd) (width 0.05))
    (fp_line (start -1.95 3.25) (end 4.5 3.25) (layer F.CrtYd) (width 0.05))
    (fp_line (start -1.95 -3.25) (end -1.95 3.25) (layer F.CrtYd) (width 0.05))
    (fp_line (start -1.29 -1.545) (end -1.29 1.545) (layer F.SilkS) (width 0.12))
    (fp_line (start -1.23 -1.469694) (end -1.23 1.469694) (layer F.Fab) (width 0.1))
    (fp_circle (center 1.27 0) (end 3.77 0) (layer F.SilkS) (width 0.12))
    (fp_circle (center 1.27 0) (end 3.77 0) (layer F.Fab) (width 0.1))
    (fp_text user %R (at 1.25 0) (layer F.Fab)
      (effects (font (size 0.8 0.8) (thickness 0.2)))
    )
    (fp_arc (start 1.27 0) (end -1.29 1.54483) (angle -148.9) (layer F.SilkS) (width 0.12))
    (fp_arc (start 1.27 0) (end -1.29 -1.54483) (angle 148.9) (layer F.SilkS) (width 0.12))
    (fp_arc (start 1.27 0) (end -1.23 -1.469694) (angle 299.1) (layer F.Fab) (width 0.1))
    (pad 2 thru_hole circle (at 2.54 0) (size 2 2) (drill 1.3) (layers *.Cu *.Mask)
      (net 2 VCC))
    (pad 1 thru_hole rect (at 0 0) (size 1.8 1.8) (drill 1.3) (layers *.Cu *.Mask)
      (net 8 OUT6))
    (model ${KISYS3DMOD}/LEDs.3dshapes/LED_D5.0mm.wrl
      (at (xyz 0 0 0))
      (scale (xyz 0.393701 0.393701 0.393701))
      (rotate (xyz 0 0 0))
    )
    (model :desktop:OVLEW1CB9_OVLGC0C6B9.step.step
      (at (xyz 0 0 0))
      (scale (xyz 1 1 1))
      (rotate (xyz 0 0 0))
    )
  )

  (module LEDs:LED_D5.0mm (layer F.Cu) (tedit 5F433283) (tstamp 5EFFA5F0)
    (at 110.73 113.5)
    (descr "LED, diameter 5.0mm, 2 pins, http://cdn-reichelt.de/documents/datenblatt/A500/LL-504BC2E-009.pdf")
    (tags "LED diameter 5.0mm 2 pins")
    (path /5ECD240F)
    (fp_text reference D7 (at 1.27 -3.96) (layer F.SilkS)
      (effects (font (size 1 1) (thickness 0.15)))
    )
    (fp_text value LED (at 1.27 3.96) (layer F.Fab)
      (effects (font (size 1 1) (thickness 0.15)))
    )
    (fp_circle (center 1.27 0) (end 3.77 0) (layer F.Fab) (width 0.1))
    (fp_circle (center 1.27 0) (end 3.77 0) (layer F.SilkS) (width 0.12))
    (fp_line (start -1.23 -1.469694) (end -1.23 1.469694) (layer F.Fab) (width 0.1))
    (fp_line (start -1.29 -1.545) (end -1.29 1.545) (layer F.SilkS) (width 0.12))
    (fp_line (start -1.95 -3.25) (end -1.95 3.25) (layer F.CrtYd) (width 0.05))
    (fp_line (start -1.95 3.25) (end 4.5 3.25) (layer F.CrtYd) (width 0.05))
    (fp_line (start 4.5 3.25) (end 4.5 -3.25) (layer F.CrtYd) (width 0.05))
    (fp_line (start 4.5 -3.25) (end -1.95 -3.25) (layer F.CrtYd) (width 0.05))
    (fp_arc (start 1.27 0) (end -1.23 -1.469694) (angle 299.1) (layer F.Fab) (width 0.1))
    (fp_arc (start 1.27 0) (end -1.29 -1.54483) (angle 148.9) (layer F.SilkS) (width 0.12))
    (fp_arc (start 1.27 0) (end -1.29 1.54483) (angle -148.9) (layer F.SilkS) (width 0.12))
    (fp_text user %R (at 1.25 0) (layer F.Fab)
      (effects (font (size 0.8 0.8) (thickness 0.2)))
    )
    (pad 1 thru_hole rect (at 0 0) (size 1.8 1.8) (drill 1.3) (layers *.Cu *.Mask)
      (net 9 OUT7))
    (pad 2 thru_hole circle (at 2.54 0) (size 2 2) (drill 1.3) (layers *.Cu *.Mask)
      (net 2 VCC))
    (model ${KISYS3DMOD}/LEDs.3dshapes/LED_D5.0mm.wrl
      (at (xyz 0 0 0))
      (scale (xyz 0.3937 0.3937 0.3937))
      (rotate (xyz 0 0 0))
    )
    (model :desktop:OVLEW1CB9_OVLGC0C6B9.step.step
      (at (xyz 0 0 0))
      (scale (xyz 1 1 1))
      (rotate (xyz 0 0 0))
    )
  )

  (module LEDs:LED_D5.0mm (layer F.Cu) (tedit 5F4332E2) (tstamp 5EFFA5BD)
    (at 101.73 113.5)
    (descr "LED, diameter 5.0mm, 2 pins, http://cdn-reichelt.de/documents/datenblatt/A500/LL-504BC2E-009.pdf")
    (tags "LED diameter 5.0mm 2 pins")
    (path /5ECD166D)
    (fp_text reference D8 (at 1.27 -3.96) (layer F.SilkS)
      (effects (font (size 1 1) (thickness 0.15)))
    )
    (fp_text value LED (at 1.27 3.96) (layer F.Fab)
      (effects (font (size 1 1) (thickness 0.15)))
    )
    (fp_line (start 4.5 -3.25) (end -1.95 -3.25) (layer F.CrtYd) (width 0.05))
    (fp_line (start 4.5 3.25) (end 4.5 -3.25) (layer F.CrtYd) (width 0.05))
    (fp_line (start -1.95 3.25) (end 4.5 3.25) (layer F.CrtYd) (width 0.05))
    (fp_line (start -1.95 -3.25) (end -1.95 3.25) (layer F.CrtYd) (width 0.05))
    (fp_line (start -1.29 -1.545) (end -1.29 1.545) (layer F.SilkS) (width 0.12))
    (fp_line (start -1.23 -1.469694) (end -1.23 1.469694) (layer F.Fab) (width 0.1))
    (fp_circle (center 1.27 0) (end 3.77 0) (layer F.SilkS) (width 0.12))
    (fp_circle (center 1.27 0) (end 3.77 0) (layer F.Fab) (width 0.1))
    (fp_text user %R (at 1.25 0) (layer F.Fab)
      (effects (font (size 0.8 0.8) (thickness 0.2)))
    )
    (fp_arc (start 1.27 0) (end -1.29 1.54483) (angle -148.9) (layer F.SilkS) (width 0.12))
    (fp_arc (start 1.27 0) (end -1.29 -1.54483) (angle 148.9) (layer F.SilkS) (width 0.12))
    (fp_arc (start 1.27 0) (end -1.23 -1.469694) (angle 299.1) (layer F.Fab) (width 0.1))
    (pad 2 thru_hole circle (at 2.54 0) (size 2 2) (drill 1.3) (layers *.Cu *.Mask)
      (net 2 VCC))
    (pad 1 thru_hole rect (at 0 0) (size 2 2) (drill 1.3) (layers *.Cu *.Mask)
      (net 10 OUT8))
    (model ${KISYS3DMOD}/LEDs.3dshapes/LED_D5.0mm.wrl
      (at (xyz 0 0 0))
      (scale (xyz 0.393701 0.393701 0.393701))
      (rotate (xyz 0 0 0))
    )
    (model :desktop:OVLEW1CB9_OVLGC0C6B9.step.step
      (at (xyz 0 0 0))
      (scale (xyz 1 1 1))
      (rotate (xyz 0 0 0))
    )
  )

  (module Capacitors_SMD:C_0603_HandSoldering (layer F.Cu) (tedit 58AA848B) (tstamp 5EFFD67E)
    (at 83.2532 119.9054)
    (descr "Capacitor SMD 0603, hand soldering")
    (tags "capacitor 0603")
    (path /5ED07E21)
    (attr smd)
    (fp_text reference C1 (at 2.8702 0.0254) (layer F.SilkS)
      (effects (font (size 1 1) (thickness 0.15)))
    )
    (fp_text value C (at 0 1.5) (layer F.Fab)
      (effects (font (size 1 1) (thickness 0.15)))
    )
    (fp_line (start -0.8 0.4) (end -0.8 -0.4) (layer F.Fab) (width 0.1))
    (fp_line (start 0.8 0.4) (end -0.8 0.4) (layer F.Fab) (width 0.1))
    (fp_line (start 0.8 -0.4) (end 0.8 0.4) (layer F.Fab) (width 0.1))
    (fp_line (start -0.8 -0.4) (end 0.8 -0.4) (layer F.Fab) (width 0.1))
    (fp_line (start -0.35 -0.6) (end 0.35 -0.6) (layer F.SilkS) (width 0.12))
    (fp_line (start 0.35 0.6) (end -0.35 0.6) (layer F.SilkS) (width 0.12))
    (fp_line (start -1.8 -0.65) (end 1.8 -0.65) (layer F.CrtYd) (width 0.05))
    (fp_line (start -1.8 -0.65) (end -1.8 0.65) (layer F.CrtYd) (width 0.05))
    (fp_line (start 1.8 0.65) (end 1.8 -0.65) (layer F.CrtYd) (width 0.05))
    (fp_line (start 1.8 0.65) (end -1.8 0.65) (layer F.CrtYd) (width 0.05))
    (fp_text user %R (at 0 -1.25) (layer F.Fab)
      (effects (font (size 1 1) (thickness 0.15)))
    )
    (pad 1 smd rect (at -0.95 0) (size 1.2 0.75) (layers F.Cu F.Paste F.Mask)
      (net 2 VCC))
    (pad 2 smd rect (at 0.95 0) (size 1.2 0.75) (layers F.Cu F.Paste F.Mask)
      (net 1 GND))
    (model Capacitors_SMD.3dshapes/C_0603.wrl
      (at (xyz 0 0 0))
      (scale (xyz 1 1 1))
      (rotate (xyz 0 0 0))
    )
    (model ${KISYS3DMOD}/Capacitor_SMD.3dshapes/C_0603_1608Metric.step
      (at (xyz 0 0 0))
      (scale (xyz 1 1 1))
      (rotate (xyz 0 0 0))
    )
  )

  (module Pin_Headers:Pin_Header_Straight_2x05_Pitch2.54mm (layer F.Cu) (tedit 5F1FD418) (tstamp 5F1FB8CC)
    (at 78.104401 122.43 180)
    (descr "Through hole straight pin header, 2x05, 2.54mm pitch, double rows")
    (tags "Through hole pin header THT 2x05 2.54mm double row")
    (path /5F22415F)
    (fp_text reference U1 (at -2.938999 10.4748) (layer F.SilkS)
      (effects (font (size 1 1) (thickness 0.15)))
    )
    (fp_text value Conn_02x05 (at 1.27 12.49) (layer F.Fab)
      (effects (font (size 1 1) (thickness 0.15)))
    )
    (fp_line (start 4.35 -1.8) (end -1.8 -1.8) (layer F.CrtYd) (width 0.05))
    (fp_line (start 4.35 11.95) (end 4.35 -1.8) (layer F.CrtYd) (width 0.05))
    (fp_line (start -1.8 11.95) (end 4.35 11.95) (layer F.CrtYd) (width 0.05))
    (fp_line (start -1.8 -1.8) (end -1.8 11.95) (layer F.CrtYd) (width 0.05))
    (fp_line (start -1.33 -1.33) (end 0 -1.33) (layer F.SilkS) (width 0.12))
    (fp_line (start -1.33 0) (end -1.33 -1.33) (layer F.SilkS) (width 0.12))
    (fp_line (start 1.27 -1.33) (end 3.87 -1.33) (layer F.SilkS) (width 0.12))
    (fp_line (start 1.27 1.27) (end 1.27 -1.33) (layer F.SilkS) (width 0.12))
    (fp_line (start -1.33 1.27) (end 1.27 1.27) (layer F.SilkS) (width 0.12))
    (fp_line (start 3.87 -1.33) (end 3.87 11.49) (layer F.SilkS) (width 0.12))
    (fp_line (start -1.33 1.27) (end -1.33 11.49) (layer F.SilkS) (width 0.12))
    (fp_line (start -1.33 11.49) (end 3.87 11.49) (layer F.SilkS) (width 0.12))
    (fp_line (start -1.27 0) (end 0 -1.27) (layer F.Fab) (width 0.1))
    (fp_line (start -1.27 11.43) (end -1.27 0) (layer F.Fab) (width 0.1))
    (fp_line (start 3.81 11.43) (end -1.27 11.43) (layer F.Fab) (width 0.1))
    (fp_line (start 3.81 -1.27) (end 3.81 11.43) (layer F.Fab) (width 0.1))
    (fp_line (start 0 -1.27) (end 3.81 -1.27) (layer F.Fab) (width 0.1))
    (fp_text user %R (at 1.27 5.08 90) (layer F.Fab)
      (effects (font (size 1 1) (thickness 0.15)))
    )
    (pad 10 thru_hole oval (at 2.54 10.16 180) (size 1.7 1.7) (drill 1) (layers *.Cu *.Mask)
      (net 4 OUT2))
    (pad 9 thru_hole oval (at 0 10.16 180) (size 1.7 1.7) (drill 1) (layers *.Cu *.Mask)
      (net 3 OUT1))
    (pad 8 thru_hole oval (at 2.54 7.62 180) (size 1.7 1.7) (drill 1) (layers *.Cu *.Mask)
      (net 6 OUT4))
    (pad 7 thru_hole oval (at 0 7.62 180) (size 1.7 1.7) (drill 1) (layers *.Cu *.Mask)
      (net 5 OUT3))
    (pad 6 thru_hole oval (at 2.54 5.08 180) (size 1.7 1.7) (drill 1) (layers *.Cu *.Mask)
      (net 9 OUT7))
    (pad 5 thru_hole oval (at 0 5.08 180) (size 1.7 1.7) (drill 1) (layers *.Cu *.Mask)
      (net 10 OUT8))
    (pad 4 thru_hole oval (at 2.54 2.54 180) (size 1.7 1.7) (drill 1) (layers *.Cu *.Mask)
      (net 8 OUT6))
    (pad 3 thru_hole oval (at 0 2.54 180) (size 1.7 1.7) (drill 1) (layers *.Cu *.Mask)
      (net 2 VCC))
    (pad 2 thru_hole oval (at 2.54 0 180) (size 1.7 1.7) (drill 1) (layers *.Cu *.Mask)
      (net 1 GND))
    (pad 1 thru_hole rect (at 0 0 180) (size 1.7 1.7) (drill 1) (layers *.Cu *.Mask)
      (net 7 OUT5))
    (model ${KISYS3DMOD}/Pin_Headers.3dshapes/Pin_Header_Straight_2x05_Pitch2.54mm.wrl
      (at (xyz 0 0 0))
      (scale (xyz 1 1 1))
      (rotate (xyz 0 0 0))
    )
    (model ":desktop:aitendo-MIL-2x5-cable-edge v1.step"
      (at (xyz 0 0 0))
      (scale (xyz 1 1 1))
      (rotate (xyz 0 0 0))
    )
  )

  (gr_text 111.3x15mm (at 77.5 105.5) (layer Dwgs.User)
    (effects (font (size 1 1) (thickness 0.15)))
  )
  (gr_line (start 133.5 118.5) (end 135.5 118.5) (layer Edge.Cuts) (width 0.1) (tstamp 5F27A9DA))
  (gr_arc (start 131 119) (end 132 119) (angle -90) (layer Edge.Cuts) (width 0.1))
  (gr_arc (start 138 119) (end 138 118) (angle -90) (layer Edge.Cuts) (width 0.1))
  (gr_line (start 135.5 116) (end 133.5 116) (layer Edge.Cuts) (width 0.1) (tstamp 5F27A9C5))
  (gr_line (start 144.5 116) (end 142.5 116) (layer Edge.Cuts) (width 0.1) (tstamp 5F27A9C4))
  (gr_line (start 153.5 116) (end 151.5 116) (layer Edge.Cuts) (width 0.1) (tstamp 5F27A9C3))
  (gr_line (start 162.5 116) (end 160.5 116) (layer Edge.Cuts) (width 0.1) (tstamp 5F27A9C2))
  (gr_line (start 184.5 111) (end 169.5 111) (layer Edge.Cuts) (width 0.1) (tstamp 5F27A9BE))
  (gr_line (start 160.5 111) (end 162.5 111) (layer Edge.Cuts) (width 0.1) (tstamp 5F27A9BD))
  (gr_line (start 151.5 111) (end 153.5 111) (layer Edge.Cuts) (width 0.1) (tstamp 5F27A9BC))
  (gr_line (start 142.5 111) (end 144.5 111) (layer Edge.Cuts) (width 0.1) (tstamp 5F27A9BB))
  (gr_line (start 133.5 111) (end 135.5 111) (layer Edge.Cuts) (width 0.1) (tstamp 5F27A9BA))
  (gr_line (start 124.5 111) (end 126.5 111) (layer Edge.Cuts) (width 0.1) (tstamp 5F27A9B9))
  (gr_line (start 115.5 111) (end 117.5 111) (layer Edge.Cuts) (width 0.1) (tstamp 5F27A9B8))
  (gr_line (start 106.5 111) (end 108.5 111) (layer Edge.Cuts) (width 0.1) (tstamp 5F27A9B7))
  (gr_line (start 124.5 116) (end 126.5 116) (layer Edge.Cuts) (width 0.1) (tstamp 5F27A9B6))
  (gr_line (start 115.5 116) (end 117.5 116) (layer Edge.Cuts) (width 0.1) (tstamp 5F27A9B5))
  (gr_line (start 106.5 116) (end 108.5 116) (layer Edge.Cuts) (width 0.1) (tstamp 5F27A9B4))
  (gr_arc (start 163.5 117.5) (end 163 117.5) (angle -90) (layer Edge.Cuts) (width 0.1) (tstamp 5F27A9A6))
  (gr_arc (start 162.5 116.5) (end 163 116.5) (angle -90) (layer Edge.Cuts) (width 0.1) (tstamp 5F27A9A5))
  (gr_line (start 163 116.5) (end 163 117.5) (layer Edge.Cuts) (width 0.1) (tstamp 5F27A9A4))
  (gr_line (start 168.5 118) (end 163.5 118) (layer Edge.Cuts) (width 0.1) (tstamp 5F27A9A3))
  (gr_line (start 169 117.5) (end 169 116.5) (layer Edge.Cuts) (width 0.1) (tstamp 5F27A9A2))
  (gr_arc (start 168.5 117.5) (end 168.5 118) (angle -90) (layer Edge.Cuts) (width 0.1) (tstamp 5F27A9A1))
  (gr_arc (start 169.5 116.5) (end 169.5 116) (angle -90) (layer Edge.Cuts) (width 0.1) (tstamp 5F27A9A0))
  (gr_line (start 154 116.5) (end 154 117.5) (layer Edge.Cuts) (width 0.1) (tstamp 5F27A998))
  (gr_arc (start 153.5 116.5) (end 154 116.5) (angle -90) (layer Edge.Cuts) (width 0.1) (tstamp 5F27A997))
  (gr_arc (start 159.5 117.5) (end 159.5 118) (angle -90) (layer Edge.Cuts) (width 0.1) (tstamp 5F27A996))
  (gr_arc (start 160.5 116.5) (end 160.5 116) (angle -90) (layer Edge.Cuts) (width 0.1) (tstamp 5F27A995))
  (gr_line (start 160 117.5) (end 160 116.5) (layer Edge.Cuts) (width 0.1) (tstamp 5F27A994))
  (gr_arc (start 154.5 117.5) (end 154 117.5) (angle -90) (layer Edge.Cuts) (width 0.1) (tstamp 5F27A993))
  (gr_line (start 159.5 118) (end 154.5 118) (layer Edge.Cuts) (width 0.1) (tstamp 5F27A992))
  (gr_line (start 150.5 118) (end 145.5 118) (layer Edge.Cuts) (width 0.1) (tstamp 5F27A98A))
  (gr_line (start 145 116.5) (end 145 117.5) (layer Edge.Cuts) (width 0.1) (tstamp 5F27A989))
  (gr_arc (start 150.5 117.5) (end 150.5 118) (angle -90) (layer Edge.Cuts) (width 0.1) (tstamp 5F27A988))
  (gr_arc (start 151.5 116.5) (end 151.5 116) (angle -90) (layer Edge.Cuts) (width 0.1) (tstamp 5F27A987))
  (gr_arc (start 144.5 116.5) (end 145 116.5) (angle -90) (layer Edge.Cuts) (width 0.1) (tstamp 5F27A986))
  (gr_line (start 151 117.5) (end 151 116.5) (layer Edge.Cuts) (width 0.1) (tstamp 5F27A985))
  (gr_arc (start 145.5 117.5) (end 145 117.5) (angle -90) (layer Edge.Cuts) (width 0.1) (tstamp 5F27A984))
  (gr_line (start 142 117.5) (end 142 116.5) (layer Edge.Cuts) (width 0.1) (tstamp 5F27A97C))
  (gr_arc (start 142.5 116.5) (end 142.5 116) (angle -90) (layer Edge.Cuts) (width 0.1) (tstamp 5F27A97B))
  (gr_arc (start 135.5 116.5) (end 136 116.5) (angle -90) (layer Edge.Cuts) (width 0.1) (tstamp 5F27A97A))
  (gr_line (start 136 116.5) (end 136 118) (layer Edge.Cuts) (width 0.1) (tstamp 5F27A979))
  (gr_arc (start 141.5 117.5) (end 141.5 118) (angle -90) (layer Edge.Cuts) (width 0.1) (tstamp 5F27A978))
  (gr_arc (start 133.5 118) (end 133 118) (angle -90) (layer Edge.Cuts) (width 0.1) (tstamp 5F27A977))
  (gr_line (start 141.5 118) (end 138 118) (layer Edge.Cuts) (width 0.1) (tstamp 5F27A976))
  (gr_line (start 133 118) (end 133 116.5) (layer Edge.Cuts) (width 0.1) (tstamp 5F27A96E))
  (gr_line (start 131 118) (end 127.5 118) (layer Edge.Cuts) (width 0.1) (tstamp 5F27A96D))
  (gr_arc (start 135.5 118) (end 135.5 118.5) (angle -90) (layer Edge.Cuts) (width 0.1) (tstamp 5F27A96C))
  (gr_arc (start 127.5 117.5) (end 127 117.5) (angle -90) (layer Edge.Cuts) (width 0.1) (tstamp 5F27A96B))
  (gr_arc (start 126.5 116.5) (end 127 116.5) (angle -90) (layer Edge.Cuts) (width 0.1) (tstamp 5F27A96A))
  (gr_line (start 127 116.5) (end 127 117.5) (layer Edge.Cuts) (width 0.1) (tstamp 5F27A969))
  (gr_arc (start 133.5 116.5) (end 133.5 116) (angle -90) (layer Edge.Cuts) (width 0.1) (tstamp 5F27A968))
  (gr_arc (start 117.5 116.5) (end 118 116.5) (angle -90) (layer Edge.Cuts) (width 0.1) (tstamp 5F27A960))
  (gr_arc (start 123.5 117.5) (end 123.5 118) (angle -90) (layer Edge.Cuts) (width 0.1) (tstamp 5F27A95F))
  (gr_line (start 118 116.5) (end 118 117.5) (layer Edge.Cuts) (width 0.1) (tstamp 5F27A95E))
  (gr_line (start 123.5 118) (end 118.5 118) (layer Edge.Cuts) (width 0.1) (tstamp 5F27A95D))
  (gr_arc (start 124.5 116.5) (end 124.5 116) (angle -90) (layer Edge.Cuts) (width 0.1) (tstamp 5F27A95C))
  (gr_arc (start 118.5 117.5) (end 118 117.5) (angle -90) (layer Edge.Cuts) (width 0.1) (tstamp 5F27A95B))
  (gr_line (start 124 117.5) (end 124 116.5) (layer Edge.Cuts) (width 0.1) (tstamp 5F27A95A))
  (gr_line (start 109 116.5) (end 109 117.5) (layer Edge.Cuts) (width 0.1) (tstamp 5F27A952))
  (gr_arc (start 108.5 116.5) (end 109 116.5) (angle -90) (layer Edge.Cuts) (width 0.1) (tstamp 5F27A951))
  (gr_line (start 114.5 118) (end 109.5 118) (layer Edge.Cuts) (width 0.1) (tstamp 5F27A950))
  (gr_arc (start 115.5 116.5) (end 115.5 116) (angle -90) (layer Edge.Cuts) (width 0.1) (tstamp 5F27A94F))
  (gr_arc (start 109.5 117.5) (end 109 117.5) (angle -90) (layer Edge.Cuts) (width 0.1) (tstamp 5F27A94E))
  (gr_arc (start 114.5 117.5) (end 114.5 118) (angle -90) (layer Edge.Cuts) (width 0.1) (tstamp 5F27A94D))
  (gr_line (start 115 117.5) (end 115 116.5) (layer Edge.Cuts) (width 0.1) (tstamp 5F27A94C))
  (gr_line (start 100 116.5) (end 100 117.5) (layer Edge.Cuts) (width 0.1) (tstamp 5F27A936))
  (gr_line (start 106 117.5) (end 106 116.5) (layer Edge.Cuts) (width 0.1) (tstamp 5F27A935))
  (gr_arc (start 99.5 116.5) (end 100 116.5) (angle -90) (layer Edge.Cuts) (width 0.1) (tstamp 5F27A934))
  (gr_arc (start 106.5 116.5) (end 106.5 116) (angle -90) (layer Edge.Cuts) (width 0.1) (tstamp 5F27A933))
  (gr_line (start 105.5 118) (end 100.5 118) (layer Edge.Cuts) (width 0.1) (tstamp 5F27A932))
  (gr_arc (start 105.5 117.5) (end 105.5 118) (angle -90) (layer Edge.Cuts) (width 0.1) (tstamp 5F27A931))
  (gr_arc (start 100.5 117.5) (end 100 117.5) (angle -90) (layer Edge.Cuts) (width 0.1) (tstamp 5F27A930))
  (gr_line (start 163.5 109) (end 168.5 109) (layer Edge.Cuts) (width 0.1) (tstamp 5F27A928))
  (gr_arc (start 163.5 109.5) (end 163.5 109) (angle -90) (layer Edge.Cuts) (width 0.1) (tstamp 5F27A927))
  (gr_arc (start 168.5 109.5) (end 169 109.5) (angle -90) (layer Edge.Cuts) (width 0.1) (tstamp 5F27A926))
  (gr_arc (start 162.5 110.5) (end 162.5 111) (angle -90) (layer Edge.Cuts) (width 0.1) (tstamp 5F27A925))
  (gr_arc (start 169.5 110.5) (end 169 110.5) (angle -90) (layer Edge.Cuts) (width 0.1) (tstamp 5F27A924))
  (gr_line (start 169 110.5) (end 169 109.5) (layer Edge.Cuts) (width 0.1) (tstamp 5F27A923))
  (gr_line (start 163 109.5) (end 163 110.5) (layer Edge.Cuts) (width 0.1) (tstamp 5F27A922))
  (gr_arc (start 154.5 109.5) (end 154.5 109) (angle -90) (layer Edge.Cuts) (width 0.1) (tstamp 5F27A91A))
  (gr_line (start 154.5 109) (end 159.5 109) (layer Edge.Cuts) (width 0.1) (tstamp 5F27A919))
  (gr_arc (start 160.5 110.5) (end 160 110.5) (angle -90) (layer Edge.Cuts) (width 0.1) (tstamp 5F27A918))
  (gr_arc (start 159.5 109.5) (end 160 109.5) (angle -90) (layer Edge.Cuts) (width 0.1) (tstamp 5F27A917))
  (gr_arc (start 153.5 110.5) (end 153.5 111) (angle -90) (layer Edge.Cuts) (width 0.1) (tstamp 5F27A916))
  (gr_line (start 160 110.5) (end 160 109.5) (layer Edge.Cuts) (width 0.1) (tstamp 5F27A915))
  (gr_line (start 154 109.5) (end 154 110.5) (layer Edge.Cuts) (width 0.1) (tstamp 5F27A914))
  (gr_line (start 151 110.5) (end 151 109.5) (layer Edge.Cuts) (width 0.1) (tstamp 5F27A90C))
  (gr_line (start 145.5 109) (end 150.5 109) (layer Edge.Cuts) (width 0.1) (tstamp 5F27A90B))
  (gr_arc (start 145.5 109.5) (end 145.5 109) (angle -90) (layer Edge.Cuts) (width 0.1) (tstamp 5F27A90A))
  (gr_line (start 145 109.5) (end 145 110.5) (layer Edge.Cuts) (width 0.1) (tstamp 5F27A909))
  (gr_arc (start 151.5 110.5) (end 151 110.5) (angle -90) (layer Edge.Cuts) (width 0.1) (tstamp 5F27A908))
  (gr_arc (start 144.5 110.5) (end 144.5 111) (angle -90) (layer Edge.Cuts) (width 0.1) (tstamp 5F27A907))
  (gr_arc (start 150.5 109.5) (end 151 109.5) (angle -90) (layer Edge.Cuts) (width 0.1) (tstamp 5F27A906))
  (gr_line (start 136.5 109) (end 141.5 109) (layer Edge.Cuts) (width 0.1) (tstamp 5F27A8FE))
  (gr_line (start 142 110.5) (end 142 109.5) (layer Edge.Cuts) (width 0.1) (tstamp 5F27A8FD))
  (gr_arc (start 142.5 110.5) (end 142 110.5) (angle -90) (layer Edge.Cuts) (width 0.1) (tstamp 5F27A8FC))
  (gr_line (start 136 109.5) (end 136 110.5) (layer Edge.Cuts) (width 0.1) (tstamp 5F27A8FB))
  (gr_arc (start 135.5 110.5) (end 135.5 111) (angle -90) (layer Edge.Cuts) (width 0.1) (tstamp 5F27A8FA))
  (gr_arc (start 136.5 109.5) (end 136.5 109) (angle -90) (layer Edge.Cuts) (width 0.1) (tstamp 5F27A8F9))
  (gr_arc (start 141.5 109.5) (end 142 109.5) (angle -90) (layer Edge.Cuts) (width 0.1) (tstamp 5F27A8F8))
  (gr_line (start 133 110.5) (end 133 109.5) (layer Edge.Cuts) (width 0.1) (tstamp 5F27A8F0))
  (gr_line (start 127.5 109) (end 132.5 109) (layer Edge.Cuts) (width 0.1) (tstamp 5F27A8EF))
  (gr_arc (start 133.5 110.5) (end 133 110.5) (angle -90) (layer Edge.Cuts) (width 0.1) (tstamp 5F27A8EE))
  (gr_line (start 127 109.5) (end 127 110.5) (layer Edge.Cuts) (width 0.1) (tstamp 5F27A8ED))
  (gr_arc (start 126.5 110.5) (end 126.5 111) (angle -90) (layer Edge.Cuts) (width 0.1) (tstamp 5F27A8EC))
  (gr_arc (start 132.5 109.5) (end 133 109.5) (angle -90) (layer Edge.Cuts) (width 0.1) (tstamp 5F27A8EB))
  (gr_arc (start 127.5 109.5) (end 127.5 109) (angle -90) (layer Edge.Cuts) (width 0.1) (tstamp 5F27A8EA))
  (gr_arc (start 118.5 109.5) (end 118.5 109) (angle -90) (layer Edge.Cuts) (width 0.1) (tstamp 5F27A8E2))
  (gr_line (start 118 109.5) (end 118 110.5) (layer Edge.Cuts) (width 0.1) (tstamp 5F27A8E1))
  (gr_arc (start 117.5 110.5) (end 117.5 111) (angle -90) (layer Edge.Cuts) (width 0.1) (tstamp 5F27A8E0))
  (gr_arc (start 123.5 109.5) (end 124 109.5) (angle -90) (layer Edge.Cuts) (width 0.1) (tstamp 5F27A8DF))
  (gr_line (start 118.5 109) (end 123.5 109) (layer Edge.Cuts) (width 0.1) (tstamp 5F27A8DE))
  (gr_line (start 124 110.5) (end 124 109.5) (layer Edge.Cuts) (width 0.1) (tstamp 5F27A8DD))
  (gr_arc (start 124.5 110.5) (end 124 110.5) (angle -90) (layer Edge.Cuts) (width 0.1) (tstamp 5F27A8DC))
  (gr_arc (start 109.5 109.5) (end 109.5 109) (angle -90) (layer Edge.Cuts) (width 0.1) (tstamp 5F27A8D4))
  (gr_line (start 109 109.5) (end 109 110.5) (layer Edge.Cuts) (width 0.1) (tstamp 5F27A8D3))
  (gr_arc (start 108.5 110.5) (end 108.5 111) (angle -90) (layer Edge.Cuts) (width 0.1) (tstamp 5F27A8D2))
  (gr_arc (start 114.5 109.5) (end 115 109.5) (angle -90) (layer Edge.Cuts) (width 0.1) (tstamp 5F27A8D1))
  (gr_arc (start 115.5 110.5) (end 115 110.5) (angle -90) (layer Edge.Cuts) (width 0.1) (tstamp 5F27A8D0))
  (gr_line (start 115 110.5) (end 115 109.5) (layer Edge.Cuts) (width 0.1) (tstamp 5F27A8CF))
  (gr_line (start 109.5 109) (end 114.5 109) (layer Edge.Cuts) (width 0.1) (tstamp 5F27A8CE))
  (gr_line (start 100.5 109) (end 105.5 109) (layer Edge.Cuts) (width 0.1) (tstamp 5F27A8BB))
  (gr_arc (start 105.5 109.5) (end 106 109.5) (angle -90) (layer Edge.Cuts) (width 0.1))
  (gr_arc (start 100.5 109.5) (end 100.5 109) (angle -90) (layer Edge.Cuts) (width 0.1))
  (gr_arc (start 106.5 110.5) (end 106 110.5) (angle -90) (layer Edge.Cuts) (width 0.1))
  (gr_arc (start 99.5 110.5) (end 99.5 111) (angle -90) (layer Edge.Cuts) (width 0.1))
  (gr_line (start 100 109.5) (end 100 110.5) (layer Edge.Cuts) (width 0.1))
  (gr_line (start 106 110.5) (end 106 109.5) (layer Edge.Cuts) (width 0.1))
  (gr_line (start 184.5 116) (end 169.5 116) (layer Edge.Cuts) (width 0.1) (tstamp 5F227B9F))
  (gr_arc (start 133 123) (end 132 123) (angle -90) (layer Edge.Cuts) (width 0.1))
  (gr_arc (start 136 123) (end 136 124) (angle -90) (layer Edge.Cuts) (width 0.1))
  (gr_line (start 133 124) (end 136 124) (layer Edge.Cuts) (width 0.1))
  (gr_line (start 132 119) (end 132 123) (layer Edge.Cuts) (width 0.1))
  (gr_line (start 137 123) (end 137 119) (layer Edge.Cuts) (width 0.1))
  (gr_circle (center 134.5 121.5) (end 136.25 121.5) (layer Edge.Cuts) (width 0.1) (tstamp 5F227AF3))
  (gr_line (start 80.644401 118.62) (end 79.4512 118.62) (layer F.SilkS) (width 0.15) (tstamp 5F20DEE1))
  (gr_line (start 80.644401 116.08) (end 80.644401 118.62) (layer F.SilkS) (width 0.15) (tstamp 5F20DEE4))
  (gr_line (start 79.4512 116.08) (end 80.644401 116.08) (layer F.SilkS) (width 0.15) (tstamp 5F20DEDE))
  (gr_circle (center 182.5 113.5) (end 184.25 113.5) (layer Edge.Cuts) (width 0.1) (tstamp 5F152C8D))
  (gr_circle (center 86.5 113.5) (end 88.05 113.5) (layer Edge.Cuts) (width 0.1) (tstamp 5F152C6C))
  (gr_circle (center 93.5 113.5) (end 95.25 113.5) (layer Edge.Cuts) (width 0.1) (tstamp 5F152C4A))
  (gr_circle (center 175.5 113.5) (end 177.25 113.5) (layer Edge.Cuts) (width 0.1) (tstamp 5EFFDFA8))
  (gr_arc (start 184.5 112) (end 185.5 112) (angle -90) (layer Edge.Cuts) (width 0.1))
  (gr_arc (start 184.5 115) (end 184.5 116) (angle -90) (layer Edge.Cuts) (width 0.1))
  (gr_line (start 99.5 116) (end 98 116) (layer Edge.Cuts) (width 0.1))
  (gr_line (start 185.5 112) (end 185.5 115) (layer Edge.Cuts) (width 0.1))
  (gr_line (start 74.294401 111) (end 99.5 111) (layer Edge.Cuts) (width 0.1) (tstamp 5F1F8C0F))
  (gr_line (start 90.3 123.7) (end 98 116) (layer Edge.Cuts) (width 0.1) (tstamp 5EFFD35A))
  (gr_line (start 74.294401 123.7) (end 90.3 123.7) (layer Edge.Cuts) (width 0.1))
  (gr_line (start 74.294401 111) (end 74.294401 123.7) (layer Edge.Cuts) (width 0.1))
  (gr_circle (center 134.5 113.5) (end 135.059017 113.5) (layer Dwgs.User) (width 0.2) (tstamp 5EFFA3EA))

  (via (at 83.8628 118.1274) (size 0.8) (drill 0.4) (layers F.Cu B.Cu) (net 1))
  (segment (start 76.739402 121.254999) (end 75.564401 122.43) (width 0.25) (layer F.Cu) (net 1))
  (via (at 81.0434 114.7492) (size 0.8) (drill 0.4) (layers F.Cu B.Cu) (net 1) (tstamp 5F1FCA16))
  (via (at 83.6596 112.641) (size 0.8) (drill 0.4) (layers F.Cu B.Cu) (net 1) (tstamp 5F1FCA18))
  (via (at 89.908 113.2506) (size 0.8) (drill 0.4) (layers F.Cu B.Cu) (net 1) (tstamp 5F1FCA1A))
  (via (at 93.7434 117.9242) (size 0.8) (drill 0.4) (layers F.Cu B.Cu) (net 1) (tstamp 5F1FCA20))
  (via (at 90.2382 121.3786) (size 0.8) (drill 0.4) (layers F.Cu B.Cu) (net 1) (tstamp 5F1FCA22))
  (via (at 83.6596 121.2262) (size 0.8) (drill 0.4) (layers F.Cu B.Cu) (net 1) (tstamp 5F1FCA24))
  (via (at 87.5712 119.5498) (size 0.8) (drill 0.4) (layers F.Cu B.Cu) (net 1) (tstamp 5F1FCA26))
  (via (at 88.4602 114.9016) (size 0.8) (drill 0.4) (layers F.Cu B.Cu) (net 1) (tstamp 5F1FCA37))
  (via (at 88.2824 111.8028) (size 0.8) (drill 0.4) (layers F.Cu B.Cu) (net 1) (tstamp 5F1FCA3A))
  (via (at 91.6606 111.7774) (size 0.8) (drill 0.4) (layers F.Cu B.Cu) (net 1) (tstamp 5F1FCA49))
