(kicad_pcb (version 20171130) (host pcbnew "(5.1.6-0-10_14)")

  (general
    (thickness 1.6)
    (drawings 137)
    (tracks 439)
    (zones 0)
    (modules 10)
    (nets 11)
  )

  (page A4)
  (layers
    (0 F.Cu signal)
    (31 B.Cu signal)
    (32 B.Adhes user)
    (33 F.Adhes user)
    (34 B.Paste user)
    (35 F.Paste user)
    (36 B.SilkS user)
    (37 F.SilkS user)
    (38 B.Mask user)
    (39 F.Mask user)
    (40 Dwgs.User user)
    (41 Cmts.User user)
    (42 Eco1.User user)
    (43 Eco2.User user)
    (44 Edge.Cuts user)
    (45 Margin user hide)
    (46 B.CrtYd user)
    (47 F.CrtYd user hide)
    (48 B.Fab user)
    (49 F.Fab user hide)
  )

  (setup
    (last_trace_width 0.25)
    (user_trace_width 0.508)
    (user_trace_width 1.016)
    (trace_clearance 0.2)
    (zone_clearance 0.2)
    (zone_45_only no)
    (trace_min 0.2)
    (via_size 0.8)
    (via_drill 0.4)
    (via_min_size 0.4)
    (via_min_drill 0.3)
    (uvia_size 0.3)
    (uvia_drill 0.1)
    (uvias_allowed no)
    (uvia_min_size 0.2)
    (uvia_min_drill 0.1)
    (edge_width 0.1)
    (segment_width 0.2)
    (pcb_text_width 0.3)
    (pcb_text_size 1.5 1.5)
    (mod_edge_width 0.15)
    (mod_text_size 1 1)
    (mod_text_width 0.15)
    (pad_size 1.8 1.8)
    (pad_drill 0.9)
    (pad_to_mask_clearance 0)
    (aux_axis_origin 0 0)
    (grid_origin 0.5 0.5)
    (visible_elements FFFFFF7F)
    (pcbplotparams
      (layerselection 0x010fc_ffffffff)
      (usegerberextensions true)
      (usegerberattributes false)
      (usegerberadvancedattributes true)
      (creategerberjobfile true)
      (excludeedgelayer true)
      (linewidth 0.100000)
      (plotframeref false)
      (viasonmask false)
      (mode 1)
      (useauxorigin false)
      (hpglpennumber 1)
      (hpglpenspeed 20)
      (hpglpendiameter 15.000000)
      (psnegative false)
      (psa4output false)
      (plotreference true)
      (plotvalue true)
      (plotinvisibletext false)
      (padsonsilk false)
      (subtractmaskfromsilk false)
      (outputformat 1)
      (mirror false)
      (drillshape 0)
      (scaleselection 1)
      (outputdirectory ""))
  )

  (net 0 "")
  (net 1 GND)
  (net 2 VCC)
  (net 3 OUT9)
  (net 4 OUT10)
  (net 5 OUT11)
  (net 6 OUT12)
  (net 7 OUT13)
  (net 8 OUT14)
  (net 9 OUT15)
  (net 10 OUT16)

  (net_class Default "This is the default net class."
    (clearance 0.2)
    (trace_width 0.25)
    (via_dia 0.8)
    (via_drill 0.4)
    (uvia_dia 0.3)
    (uvia_drill 0.1)
    (add_net GND)
    (add_net OUT10)
    (add_net OUT11)
    (add_net OUT12)
    (add_net OUT13)
    (add_net OUT14)
    (add_net OUT15)
    (add_net OUT16)
    (add_net OUT9)
    (add_net VCC)
  )

  (module Capacitors_SMD:C_0603_HandSoldering (layer F.Cu) (tedit 58AA848B) (tstamp 6126016A)
    (at 181.2 99.52)
    (descr "Capacitor SMD 0603, hand soldering")
    (tags "capacitor 0603")
    (path /5ED07E21)
    (attr smd)
    (fp_text reference C1 (at -3.108 0) (layer F.SilkS)
      (effects (font (size 1 1) (thickness 0.15)))
    )
    (fp_text value C (at 0 1.5) (layer F.Fab)
      (effects (font (size 1 1) (thickness 0.15)))
    )
    (fp_line (start -0.8 0.4) (end -0.8 -0.4) (layer F.Fab) (width 0.1))
    (fp_line (start 0.8 0.4) (end -0.8 0.4) (layer F.Fab) (width 0.1))
    (fp_line (start 0.8 -0.4) (end 0.8 0.4) (layer F.Fab) (width 0.1))
    (fp_line (start -0.8 -0.4) (end 0.8 -0.4) (layer F.Fab) (width 0.1))
    (fp_line (start -0.35 -0.6) (end 0.35 -0.6) (layer F.SilkS) (width 0.12))
    (fp_line (start 0.35 0.6) (end -0.35 0.6) (layer F.SilkS) (width 0.12))
    (fp_line (start -1.8 -0.65) (end 1.8 -0.65) (layer F.CrtYd) (width 0.05))
    (fp_line (start -1.8 -0.65) (end -1.8 0.65) (layer F.CrtYd) (width 0.05))
    (fp_line (start 1.8 0.65) (end 1.8 -0.65) (layer F.CrtYd) (width 0.05))
    (fp_line (start 1.8 0.65) (end -1.8 0.65) (layer F.CrtYd) (width 0.05))
    (fp_text user %R (at -0.07 -1.392) (layer F.Fab)
      (effects (font (size 1 1) (thickness 0.15)))
    )
    (pad 2 smd rect (at 0.95 0) (size 1.2 0.75) (layers F.Cu F.Paste F.Mask)
      (net 1 GND))
    (pad 1 smd rect (at -0.95 0) (size 1.2 0.75) (layers F.Cu F.Paste F.Mask)
      (net 2 VCC))
    (model Capacitors_SMD.3dshapes/C_0603.wrl
      (at (xyz 0 0 0))
      (scale (xyz 1 1 1))
      (rotate (xyz 0 0 0))
    )
    (model :kicad-packages3D:Capacitor_SMD.3dshapes/C_0603_1608Metric.step
      (at (xyz 0 0 0))
      (scale (xyz 1 1 1))
      (rotate (xyz 0 0 0))
    )
  )

  (module LEDs:LED_D5.0mm (layer F.Cu) (tedit 5995936A) (tstamp 60D571F2)
    (at 104.27 101.622 180)
    (descr "LED, diameter 5.0mm, 2 pins, http://cdn-reichelt.de/documents/datenblatt/A500/LL-504BC2E-009.pdf")
    (tags "LED diameter 5.0mm 2 pins")
    (path /5ECD722C)
    (fp_text reference D9 (at 1.27 -3.96) (layer F.SilkS)
      (effects (font (size 1 1) (thickness 0.15)))
    )
    (fp_text value LED (at 1.27 3.96) (layer F.Fab)
      (effects (font (size 1 1) (thickness 0.15)))
    )
    (fp_circle (center 1.27 0) (end 3.77 0) (layer F.Fab) (width 0.1))
    (fp_circle (center 1.27 0) (end 3.77 0) (layer F.SilkS) (width 0.12))
    (fp_line (start -1.23 -1.469694) (end -1.23 1.469694) (layer F.Fab) (width 0.1))
    (fp_line (start -1.29 -1.545) (end -1.29 1.545) (layer F.SilkS) (width 0.12))
    (fp_line (start -1.95 -3.25) (end -1.95 3.25) (layer F.CrtYd) (width 0.05))
    (fp_line (start -1.95 3.25) (end 4.5 3.25) (layer F.CrtYd) (width 0.05))
    (fp_line (start 4.5 3.25) (end 4.5 -3.25) (layer F.CrtYd) (width 0.05))
    (fp_line (start 4.5 -3.25) (end -1.95 -3.25) (layer F.CrtYd) (width 0.05))
    (fp_arc (start 1.27 0) (end -1.23 -1.469694) (angle 299.1) (layer F.Fab) (width 0.1))
    (fp_arc (start 1.27 0) (end -1.29 -1.54483) (angle 148.9) (layer F.SilkS) (width 0.12))
    (fp_arc (start 1.27 0) (end -1.29 1.54483) (angle -148.9) (layer F.SilkS) (width 0.12))
    (fp_text user %R (at 2.36 -1.44) (layer F.Fab)
      (effects (font (size 0.8 0.8) (thickness 0.2)))
    )
    (pad 1 thru_hole rect (at 0 0 180) (size 1.8 1.8) (drill 0.9) (layers *.Cu *.Mask)
      (net 3 OUT9))
    (pad 2 thru_hole circle (at 2.54 0 180) (size 1.8 1.8) (drill 0.9) (layers *.Cu *.Mask)
      (net 2 VCC))
    (model ${KISYS3DMOD}/LEDs.3dshapes/LED_D5.0mm.wrl
      (at (xyz 0 0 0))
      (scale (xyz 0.393701 0.393701 0.393701))
      (rotate (xyz 0 0 0))
    )
    (model :desktop:OVLEW1CB9_OVLGC0C6B9.step.step
      (at (xyz 0 0 0))
      (scale (xyz 1 1 1))
      (rotate (xyz 0 0 0))
    )
  )

  (module LEDs:LED_D5.0mm (layer F.Cu) (tedit 5995936A) (tstamp 60D571BF)
    (at 113.27 101.622 180)
    (descr "LED, diameter 5.0mm, 2 pins, http://cdn-reichelt.de/documents/datenblatt/A500/LL-504BC2E-009.pdf")
    (tags "LED diameter 5.0mm 2 pins")
    (path /5ECD7222)
    (fp_text reference D10 (at 1.27 -3.96) (layer F.SilkS)
      (effects (font (size 1 1) (thickness 0.15)))
    )
    (fp_text value LED (at 1.27 3.96) (layer F.Fab)
      (effects (font (size 1 1) (thickness 0.15)))
    )
    (fp_line (start 4.5 -3.25) (end -1.95 -3.25) (layer F.CrtYd) (width 0.05))
    (fp_line (start 4.5 3.25) (end 4.5 -3.25) (layer F.CrtYd) (width 0.05))
    (fp_line (start -1.95 3.25) (end 4.5 3.25) (layer F.CrtYd) (width 0.05))
    (fp_line (start -1.95 -3.25) (end -1.95 3.25) (layer F.CrtYd) (width 0.05))
    (fp_line (start -1.29 -1.545) (end -1.29 1.545) (layer F.SilkS) (width 0.12))
    (fp_line (start -1.23 -1.469694) (end -1.23 1.469694) (layer F.Fab) (width 0.1))
    (fp_circle (center 1.27 0) (end 3.77 0) (layer F.SilkS) (width 0.12))
    (fp_circle (center 1.27 0) (end 3.77 0) (layer F.Fab) (width 0.1))
    (fp_text user %R (at 1.25 0) (layer F.Fab)
      (effects (font (size 0.8 0.8) (thickness 0.2)))
    )
    (fp_arc (start 1.27 0) (end -1.29 1.54483) (angle -148.9) (layer F.SilkS) (width 0.12))
    (fp_arc (start 1.27 0) (end -1.29 -1.54483) (angle 148.9) (layer F.SilkS) (width 0.12))
    (fp_arc (start 1.27 0) (end -1.23 -1.469694) (angle 299.1) (layer F.Fab) (width 0.1))
    (pad 2 thru_hole circle (at 2.54 0 180) (size 1.8 1.8) (drill 0.9) (layers *.Cu *.Mask)
      (net 2 VCC))
    (pad 1 thru_hole rect (at 0 0 180) (size 1.8 1.8) (drill 0.9) (layers *.Cu *.Mask)
      (net 4 OUT10))
    (model ${KISYS3DMOD}/LEDs.3dshapes/LED_D5.0mm.wrl
      (at (xyz 0 0 0))
      (scale (xyz 0.393701 0.393701 0.393701))
      (rotate (xyz 0 0 0))
    )
    (model :desktop:OVLEW1CB9_OVLGC0C6B9.step.step
      (at (xyz 0 0 0))
      (scale (xyz 1 1 1))
      (rotate (xyz 0 0 0))
    )
  )

  (module LEDs:LED_D5.0mm (layer F.Cu) (tedit 5995936A) (tstamp 60D5718C)
    (at 122.27 101.622 180)
    (descr "LED, diameter 5.0mm, 2 pins, http://cdn-reichelt.de/documents/datenblatt/A500/LL-504BC2E-009.pdf")
    (tags "LED diameter 5.0mm 2 pins")
    (path /5ECD7218)
    (fp_text reference D11 (at 1.27 -3.96) (layer F.SilkS)
      (effects (font (size 1 1) (thickness 0.15)))
    )
    (fp_text value LED (at 1.27 3.96) (layer F.Fab)
      (effects (font (size 1 1) (thickness 0.15)))
    )
    (fp_circle (center 1.27 0) (end 3.77 0) (layer F.Fab) (width 0.1))
    (fp_circle (center 1.27 0) (end 3.77 0) (layer F.SilkS) (width 0.12))
    (fp_line (start -1.23 -1.469694) (end -1.23 1.469694) (layer F.Fab) (width 0.1))
    (fp_line (start -1.29 -1.545) (end -1.29 1.545) (layer F.SilkS) (width 0.12))
    (fp_line (start -1.95 -3.25) (end -1.95 3.25) (layer F.CrtYd) (width 0.05))
    (fp_line (start -1.95 3.25) (end 4.5 3.25) (layer F.CrtYd) (width 0.05))
    (fp_line (start 4.5 3.25) (end 4.5 -3.25) (layer F.CrtYd) (width 0.05))
    (fp_line (start 4.5 -3.25) (end -1.95 -3.25) (layer F.CrtYd) (width 0.05))
    (fp_arc (start 1.27 0) (end -1.23 -1.469694) (angle 299.1) (layer F.Fab) (width 0.1))
    (fp_arc (start 1.27 0) (end -1.29 -1.54483) (angle 148.9) (layer F.SilkS) (width 0.12))
    (fp_arc (start 1.27 0) (end -1.29 1.54483) (angle -148.9) (layer F.SilkS) (width 0.12))
    (fp_text user %R (at 1.25 0) (layer F.Fab)
      (effects (font (size 0.8 0.8) (thickness 0.2)))
    )
    (pad 1 thru_hole rect (at 0 0 180) (size 1.8 1.8) (drill 0.9) (layers *.Cu *.Mask)
      (net 5 OUT11))
    (pad 2 thru_hole circle (at 2.54 0 180) (size 1.8 1.8) (drill 0.9) (layers *.Cu *.Mask)
      (net 2 VCC))
    (model ${KISYS3DMOD}/LEDs.3dshapes/LED_D5.0mm.wrl
      (at (xyz 0 0 0))
      (scale (xyz 0.3937 0.3937 0.3937))
      (rotate (xyz 0 0 0))
    )
    (model :desktop:OVLEW1CB9_OVLGC0C6B9.step.step
      (at (xyz 0 0 0))
      (scale (xyz 1 1 1))
      (rotate (xyz 0 0 0))
    )
  )

  (module LEDs:LED_D5.0mm (layer F.Cu) (tedit 5995936A) (tstamp 60D57159)
    (at 131.27 101.622 180)
    (descr "LED, diameter 5.0mm, 2 pins, http://cdn-reichelt.de/documents/datenblatt/A500/LL-504BC2E-009.pdf")
    (tags "LED diameter 5.0mm 2 pins")
    (path /5ECD720E)
    (fp_text reference D12 (at 1.27 -3.96) (layer F.SilkS)
      (effects (font (size 1 1) (thickness 0.15)))
    )
    (fp_text value LED (at 1.27 3.96) (layer F.Fab)
      (effects (font (size 1 1) (thickness 0.15)))
    )
    (fp_line (start 4.5 -3.25) (end -1.95 -3.25) (layer F.CrtYd) (width 0.05))
    (fp_line (start 4.5 3.25) (end 4.5 -3.25) (layer F.CrtYd) (width 0.05))
    (fp_line (start -1.95 3.25) (end 4.5 3.25) (layer F.CrtYd) (width 0.05))
    (fp_line (start -1.95 -3.25) (end -1.95 3.25) (layer F.CrtYd) (width 0.05))
    (fp_line (start -1.29 -1.545) (end -1.29 1.545) (layer F.SilkS) (width 0.12))
    (fp_line (start -1.23 -1.469694) (end -1.23 1.469694) (layer F.Fab) (width 0.1))
    (fp_circle (center 1.27 0) (end 3.77 0) (layer F.SilkS) (width 0.12))
    (fp_circle (center 1.27 0) (end 3.77 0) (layer F.Fab) (width 0.1))
    (fp_text user %R (at 1.25 0) (layer F.Fab)
      (effects (font (size 0.8 0.8) (thickness 0.2)))
    )
    (fp_arc (start 1.27 0) (end -1.29 1.54483) (angle -148.9) (layer F.SilkS) (width 0.12))
    (fp_arc (start 1.27 0) (end -1.29 -1.54483) (angle 148.9) (layer F.SilkS) (width 0.12))
    (fp_arc (start 1.27 0) (end -1.23 -1.469694) (angle 299.1) (layer F.Fab) (width 0.1))
    (pad 2 thru_hole circle (at 2.54 0 180) (size 1.8 1.8) (drill 0.9) (layers *.Cu *.Mask)
      (net 2 VCC))
    (pad 1 thru_hole rect (at 0 0 180) (size 1.8 1.8) (drill 0.9) (layers *.Cu *.Mask)
      (net 6 OUT12))
    (model ${KISYS3DMOD}/LEDs.3dshapes/LED_D5.0mm.wrl
      (at (xyz 0 0 0))
      (scale (xyz 0.393701 0.393701 0.393701))
      (rotate (xyz 0 0 0))
    )
    (model :desktop:OVLEW1CB9_OVLGC0C6B9.step.step
      (at (xyz 0 0 0))
      (scale (xyz 1 1 1))
      (rotate (xyz 0 0 0))
    )
  )

  (module LEDs:LED_D5.0mm (layer F.Cu) (tedit 5995936A) (tstamp 60D57126)
    (at 140.27 101.622 180)
    (descr "LED, diameter 5.0mm, 2 pins, http://cdn-reichelt.de/documents/datenblatt/A500/LL-504BC2E-009.pdf")
    (tags "LED diameter 5.0mm 2 pins")
    (path /5ECD30CB)
    (fp_text reference D13 (at 1.27 -3.96) (layer F.SilkS)
      (effects (font (size 1 1) (thickness 0.15)))
    )
    (fp_text value LED (at 1.27 3.96) (layer F.Fab)
      (effects (font (size 1 1) (thickness 0.15)))
    )
    (fp_circle (center 1.27 0) (end 3.77 0) (layer F.Fab) (width 0.1))
    (fp_circle (center 1.27 0) (end 3.77 0) (layer F.SilkS) (width 0.12))
    (fp_line (start -1.23 -1.469694) (end -1.23 1.469694) (layer F.Fab) (width 0.1))
    (fp_line (start -1.29 -1.545) (end -1.29 1.545) (layer F.SilkS) (width 0.12))
    (fp_line (start -1.95 -3.25) (end -1.95 3.25) (layer F.CrtYd) (width 0.05))
    (fp_line (start -1.95 3.25) (end 4.5 3.25) (layer F.CrtYd) (width 0.05))
    (fp_line (start 4.5 3.25) (end 4.5 -3.25) (layer F.CrtYd) (width 0.05))
    (fp_line (start 4.5 -3.25) (end -1.95 -3.25) (layer F.CrtYd) (width 0.05))
    (fp_arc (start 1.27 0) (end -1.23 -1.469694) (angle 299.1) (layer F.Fab) (width 0.1))
    (fp_arc (start 1.27 0) (end -1.29 -1.54483) (angle 148.9) (layer F.SilkS) (width 0.12))
    (fp_arc (start 1.27 0) (end -1.29 1.54483) (angle -148.9) (layer F.SilkS) (width 0.12))
    (fp_text user %R (at 1.25 0) (layer F.Fab)
      (effects (font (size 0.8 0.8) (thickness 0.2)))
    )
    (pad 1 thru_hole rect (at 0 0 180) (size 1.8 1.8) (drill 0.9) (layers *.Cu *.Mask)
      (net 7 OUT13))
    (pad 2 thru_hole circle (at 2.54 0 180) (size 1.8 1.8) (drill 0.9) (layers *.Cu *.Mask)
      (net 2 VCC))
    (model ${KISYS3DMOD}/LEDs.3dshapes/LED_D5.0mm.wrl
      (at (xyz 0 0 0))
      (scale (xyz 0.393701 0.393701 0.393701))
      (rotate (xyz 0 0 0))
    )
    (model :desktop:OVLEW1CB9_OVLGC0C6B9.step.step
      (at (xyz 0 0 0))
      (scale (xyz 1 1 1))
      (rotate (xyz 0 0 0))
    )
  )

  (module LEDs:LED_D5.0mm (layer F.Cu) (tedit 5995936A) (tstamp 60D570F3)
    (at 148.5 101.622 180)
    (descr "LED, diameter 5.0mm, 2 pins, http://cdn-reichelt.de/documents/datenblatt/A500/LL-504BC2E-009.pdf")
    (tags "LED diameter 5.0mm 2 pins")
    (path /5ECD2AA7)
    (fp_text reference D14 (at 1.27 -3.96) (layer F.SilkS)
      (effects (font (size 1 1) (thickness 0.15)))
    )
    (fp_text value LED (at 1.27 3.96) (layer F.Fab)
      (effects (font (size 1 1) (thickness 0.15)))
    )
    (fp_line (start 4.5 -3.25) (end -1.95 -3.25) (layer F.CrtYd) (width 0.05))
    (fp_line (start 4.5 3.25) (end 4.5 -3.25) (layer F.CrtYd) (width 0.05))
    (fp_line (start -1.95 3.25) (end 4.5 3.25) (layer F.CrtYd) (width 0.05))
    (fp_line (start -1.95 -3.25) (end -1.95 3.25) (layer F.CrtYd) (width 0.05))
    (fp_line (start -1.29 -1.545) (end -1.29 1.545) (layer F.SilkS) (width 0.12))
    (fp_line (start -1.23 -1.469694) (end -1.23 1.469694) (layer F.Fab) (width 0.1))
    (fp_circle (center 1.27 0) (end 3.77 0) (layer F.SilkS) (width 0.12))
    (fp_circle (center 1.27 0) (end 3.77 0) (layer F.Fab) (width 0.1))
    (fp_text user %R (at 1.25 0) (layer F.Fab)
      (effects (font (size 0.8 0.8) (thickness 0.2)))
    )
    (fp_arc (start 1.27 0) (end -1.29 1.54483) (angle -148.9) (layer F.SilkS) (width 0.12))
    (fp_arc (start 1.27 0) (end -1.29 -1.54483) (angle 148.9) (layer F.SilkS) (width 0.12))
    (fp_arc (start 1.27 0) (end -1.23 -1.469694) (angle 299.1) (layer F.Fab) (width 0.1))
    (pad 2 thru_hole circle (at 2.54 0 180) (size 1.8 1.8) (drill 0.9) (layers *.Cu *.Mask)
      (net 2 VCC))
    (pad 1 thru_hole rect (at 0 0 180) (size 1.8 1.8) (drill 0.9) (layers *.Cu *.Mask)
      (net 8 OUT14))
    (model ${KISYS3DMOD}/LEDs.3dshapes/LED_D5.0mm.wrl
      (at (xyz 0 0 0))
      (scale (xyz 0.393701 0.393701 0.393701))
      (rotate (xyz 0 0 0))
    )
    (model :desktop:OVLEW1CB9_OVLGC0C6B9.step.step
      (at (xyz 0 0 0))
      (scale (xyz 1 1 1))
      (rotate (xyz 0 0 0))
    )
  )

  (module LEDs:LED_D5.0mm (layer F.Cu) (tedit 5995936A) (tstamp 60D570C0)
    (at 158.27 101.622 180)
    (descr "LED, diameter 5.0mm, 2 pins, http://cdn-reichelt.de/documents/datenblatt/A500/LL-504BC2E-009.pdf")
    (tags "LED diameter 5.0mm 2 pins")
    (path /5ECD240F)
    (fp_text reference D15 (at 1.27 -3.96) (layer F.SilkS)
      (effects (font (size 1 1) (thickness 0.15)))
    )
    (fp_text value LED (at 1.27 3.96) (layer F.Fab)
      (effects (font (size 1 1) (thickness 0.15)))
    )
    (fp_circle (center 1.27 0) (end 3.77 0) (layer F.Fab) (width 0.1))
    (fp_circle (center 1.27 0) (end 3.77 0) (layer F.SilkS) (width 0.12))
    (fp_line (start -1.23 -1.469694) (end -1.23 1.469694) (layer F.Fab) (width 0.1))
    (fp_line (start -1.29 -1.545) (end -1.29 1.545) (layer F.SilkS) (width 0.12))
    (fp_line (start -1.95 -3.25) (end -1.95 3.25) (layer F.CrtYd) (width 0.05))
    (fp_line (start -1.95 3.25) (end 4.5 3.25) (layer F.CrtYd) (width 0.05))
    (fp_line (start 4.5 3.25) (end 4.5 -3.25) (layer F.CrtYd) (width 0.05))
    (fp_line (start 4.5 -3.25) (end -1.95 -3.25) (layer F.CrtYd) (width 0.05))
    (fp_arc (start 1.27 0) (end -1.23 -1.469694) (angle 299.1) (layer F.Fab) (width 0.1))
    (fp_arc (start 1.27 0) (end -1.29 -1.54483) (angle 148.9) (layer F.SilkS) (width 0.12))
    (fp_arc (start 1.27 0) (end -1.29 1.54483) (angle -148.9) (layer F.SilkS) (width 0.12))
    (fp_text user %R (at 1.25 0) (layer F.Fab) hide
      (effects (font (size 0.8 0.8) (thickness 0.2)))
    )
    (pad 1 thru_hole rect (at 0 0 180) (size 1.8 1.8) (drill 0.9) (layers *.Cu *.Mask)
      (net 9 OUT15))
    (pad 2 thru_hole circle (at 2.54 0 180) (size 1.8 1.8) (drill 0.9) (layers *.Cu *.Mask)
      (net 2 VCC))
    (model ${KISYS3DMOD}/LEDs.3dshapes/LED_D5.0mm.wrl
      (at (xyz 0 0 0))
      (scale (xyz 0.3937 0.3937 0.3937))
      (rotate (xyz 0 0 0))
    )
    (model :desktop:OVLEW1CB9_OVLGC0C6B9.step.step
      (at (xyz 0 0 0))
      (scale (xyz 1 1 1))
      (rotate (xyz 0 0 0))
    )
  )

  (module LEDs:LED_D5.0mm (layer F.Cu) (tedit 60D53039) (tstamp 60D57237)
    (at 167.27 101.622 180)
    (descr "LED, diameter 5.0mm, 2 pins, http://cdn-reichelt.de/documents/datenblatt/A500/LL-504BC2E-009.pdf")
    (tags "LED diameter 5.0mm 2 pins")
    (path /5ECD166D)
    (fp_text reference D16 (at 1.27 -3.96) (layer F.SilkS)
      (effects (font (size 1 1) (thickness 0.15)))
    )
    (fp_text value LED (at 1.27 3.96) (layer F.Fab)
      (effects (font (size 1 1) (thickness 0.15)))
    )
    (fp_line (start 4.5 -3.25) (end -1.95 -3.25) (layer F.CrtYd) (width 0.05))
    (fp_line (start 4.5 3.25) (end 4.5 -3.25) (layer F.CrtYd) (width 0.05))
    (fp_line (start -1.95 3.25) (end 4.5 3.25) (layer F.CrtYd) (width 0.05))
    (fp_line (start -1.95 -3.25) (end -1.95 3.25) (layer F.CrtYd) (width 0.05))
    (fp_line (start -1.29 -1.545) (end -1.29 1.545) (layer F.SilkS) (width 0.12))
    (fp_line (start -1.23 -1.469694) (end -1.23 1.469694) (layer F.Fab) (width 0.1))
    (fp_circle (center 1.27 0) (end 3.77 0) (layer F.SilkS) (width 0.12))
    (fp_circle (center 1.27 0) (end 3.77 0) (layer F.Fab) (width 0.1))
    (fp_text user %R (at 1.25 0) (layer F.Fab) hide
      (effects (font (size 0.8 0.8) (thickness 0.2)))
    )
    (fp_arc (start 1.27 0) (end -1.29 1.54483) (angle -148.9) (layer F.SilkS) (width 0.12))
    (fp_arc (start 1.27 0) (end -1.29 -1.54483) (angle 148.9) (layer F.SilkS) (width 0.12))
    (fp_arc (start 1.27 0) (end -1.23 -1.469694) (angle 299.1) (layer F.Fab) (width 0.1))
    (pad 2 thru_hole circle (at 2.54 0 180) (size 1.8 1.8) (drill 0.9) (layers *.Cu *.Mask)
      (net 2 VCC))
    (pad 1 thru_hole rect (at 0 0 180) (size 1.8 1.8) (drill 0.9) (layers *.Cu *.Mask)
      (net 10 OUT16))
    (model ${KISYS3DMOD}/LEDs.3dshapes/LED_D5.0mm.wrl
      (at (xyz 0 0 0))
      (scale (xyz 0.393701 0.393701 0.393701))
      (rotate (xyz 0 0 0))
    )
    (model :desktop:OVLEW1CB9_OVLGC0C6B9.step.step
      (at (xyz 0 0 0))
      (scale (xyz 1 1 1))
      (rotate (xyz 0 0 0))
    )
  )

  (module Socket_Strips:Socket_Strip_Angled_1x10_Pitch2.54mm (layer F.Cu) (tedit 58CD5446) (tstamp 60D56D26)
    (at 185.005746 96.222 90)
    (descr "Through hole angled socket strip, 1x10, 2.54mm pitch, 8.51mm socket length, single row")
    (tags "Through hole angled socket strip THT 1x10 2.54mm single row")
    (path /5F22415F)
    (fp_text reference U1 (at -11.278 22.994254 180) (layer F.SilkS)
      (effects (font (size 1 1) (thickness 0.15)))
    )
    (fp_text value Conn_02x05 (at -4.38 25.13 90) (layer F.Fab)
      (effects (font (size 1 1) (thickness 0.15)))
    )
    (fp_line (start -10.55 -1.8) (end 1.8 -1.8) (layer F.CrtYd) (width 0.05))
    (fp_line (start -10.55 24.65) (end -10.55 -1.8) (layer F.CrtYd) (width 0.05))
    (fp_line (start 1.8 24.65) (end -10.55 24.65) (layer F.CrtYd) (width 0.05))
    (fp_line (start 1.8 -1.8) (end 1.8 24.65) (layer F.CrtYd) (width 0.05))
    (fp_line (start 1.27 -1.27) (end 1.27 0) (layer F.SilkS) (width 0.12))
    (fp_line (start 0 -1.27) (end 1.27 -1.27) (layer F.SilkS) (width 0.12))
    (fp_line (start -1.03 23.24) (end -1.46 23.24) (layer F.SilkS) (width 0.12))
    (fp_line (start -1.03 22.48) (end -1.46 22.48) (layer F.SilkS) (width 0.12))
    (fp_line (start -10.09 21.59) (end -1.46 21.59) (layer F.SilkS) (width 0.12))
    (fp_line (start -10.09 24.19) (end -10.09 21.59) (layer F.SilkS) (width 0.12))
    (fp_line (start -1.46 24.19) (end -10.09 24.19) (layer F.SilkS) (width 0.12))
    (fp_line (start -1.46 21.59) (end -1.46 24.19) (layer F.SilkS) (width 0.12))
    (fp_line (start -1.03 20.7) (end -1.46 20.7) (layer F.SilkS) (width 0.12))
    (fp_line (start -1.03 19.94) (end -1.46 19.94) (layer F.SilkS) (width 0.12))
    (fp_line (start -10.09 19.05) (end -1.46 19.05) (layer F.SilkS) (width 0.12))
    (fp_line (start -10.09 21.59) (end -10.09 19.05) (layer F.SilkS) (width 0.12))
    (fp_line (start -1.46 21.59) (end -10.09 21.59) (layer F.SilkS) (width 0.12))
    (fp_line (start -1.46 19.05) (end -1.46 21.59) (layer F.SilkS) (width 0.12))
    (fp_line (start -1.03 18.16) (end -1.46 18.16) (layer F.SilkS) (width 0.12))
    (fp_line (start -1.03 17.4) (end -1.46 17.4) (layer F.SilkS) (width 0.12))
    (fp_line (start -10.09 16.51) (end -1.46 16.51) (layer F.SilkS) (width 0.12))
    (fp_line (start -10.09 19.05) (end -10.09 16.51) (layer F.SilkS) (width 0.12))
    (fp_line (start -1.46 19.05) (end -10.09 19.05) (layer F.SilkS) (width 0.12))
    (fp_line (start -1.46 16.51) (end -1.46 19.05) (layer F.SilkS) (width 0.12))
    (fp_line (start -1.03 15.62) (end -1.46 15.62) (layer F.SilkS) (width 0.12))
    (fp_line (start -1.03 14.86) (end -1.46 14.86) (layer F.SilkS) (width 0.12))
    (fp_line (start -10.09 13.97) (end -1.46 13.97) (layer F.SilkS) (width 0.12))
    (fp_line (start -10.09 16.51) (end -10.09 13.97) (layer F.SilkS) (width 0.12))
    (fp_line (start -1.46 16.51) (end -10.09 16.51) (layer F.SilkS) (width 0.12))
    (fp_line (start -1.46 13.97) (end -1.46 16.51) (layer F.SilkS) (width 0.12))
    (fp_line (start -1.03 13.08) (end -1.46 13.08) (layer F.SilkS) (width 0.12))
    (fp_line (start -1.03 12.32) (end -1.46 12.32) (layer F.SilkS) (width 0.12))
    (fp_line (start -10.09 11.43) (end -1.46 11.43) (layer F.SilkS) (width 0.12))
    (fp_line (start -10.09 13.97) (end -10.09 11.43) (layer F.SilkS) (width 0.12))
    (fp_line (start -1.46 13.97) (end -10.09 13.97) (layer F.SilkS) (width 0.12))
    (fp_line (start -1.46 11.43) (end -1.46 13.97) (layer F.SilkS) (width 0.12))
    (fp_line (start -1.03 10.54) (end -1.46 10.54) (layer F.SilkS) (width 0.12))
    (fp_line (start -1.03 9.78) (end -1.46 9.78) (layer F.SilkS) (width 0.12))
    (fp_line (start -10.09 8.89) (end -1.46 8.89) (layer F.SilkS) (width 0.12))
    (fp_line (start -10.09 11.43) (end -10.09 8.89) (layer F.SilkS) (width 0.12))
    (fp_line (start -1.46 11.43) (end -10.09 11.43) (layer F.SilkS) (width 0.12))
    (fp_line (start -1.46 8.89) (end -1.46 11.43) (layer F.SilkS) (width 0.12))
    (fp_line (start -1.03 8) (end -1.46 8) (layer F.SilkS) (width 0.12))
    (fp_line (start -1.03 7.24) (end -1.46 7.24) (layer F.SilkS) (width 0.12))
    (fp_line (start -10.09 6.35) (end -1.46 6.35) (layer F.SilkS) (width 0.12))
    (fp_line (start -10.09 8.89) (end -10.09 6.35) (layer F.SilkS) (width 0.12))
    (fp_line (start -1.46 8.89) (end -10.09 8.89) (layer F.SilkS) (width 0.12))
    (fp_line (start -1.46 6.35) (end -1.46 8.89) (layer F.SilkS) (width 0.12))
    (fp_line (start -1.03 5.46) (end -1.46 5.46) (layer F.SilkS) (width 0.12))
    (fp_line (start -1.03 4.7) (end -1.46 4.7) (layer F.SilkS) (width 0.12))
    (fp_line (start -10.09 3.81) (end -1.46 3.81) (layer F.SilkS) (width 0.12))
    (fp_line (start -10.09 6.35) (end -10.09 3.81) (layer F.SilkS) (width 0.12))
    (fp_line (start -1.46 6.35) (end -10.09 6.35) (layer F.SilkS) (width 0.12))
    (fp_line (start -1.46 3.81) (end -1.46 6.35) (layer F.SilkS) (width 0.12))
    (fp_line (start -1.03 2.92) (end -1.46 2.92) (layer F.SilkS) (width 0.12))
    (fp_line (start -1.03 2.16) (end -1.46 2.16) (layer F.SilkS) (width 0.12))
    (fp_line (start -10.09 1.27) (end -1.46 1.27) (layer F.SilkS) (width 0.12))
    (fp_line (start -10.09 3.81) (end -10.09 1.27) (layer F.SilkS) (width 0.12))
    (fp_line (start -1.46 3.81) (end -10.09 3.81) (layer F.SilkS) (width 0.12))
    (fp_line (start -1.46 1.27) (end -1.46 3.81) (layer F.SilkS) (width 0.12))
    (fp_line (start -1.46 1.37) (end -10.09 1.37) (layer F.SilkS) (width 0.12))
    (fp_line (start -1.46 1.25) (end -10.09 1.25) (layer F.SilkS) (width 0.12))
    (fp_line (start -1.46 1.13) (end -10.09 1.13) (layer F.SilkS) (width 0.12))
    (fp_line (start -1.46 1.01) (end -10.09 1.01) (layer F.SilkS) (width 0.12))
    (fp_line (start -1.46 0.89) (end -10.09 0.89) (layer F.SilkS) (width 0.12))
    (fp_line (start -1.46 0.77) (end -10.09 0.77) (layer F.SilkS) (width 0.12))
    (fp_line (start -1.46 0.65) (end -10.09 0.65) (layer F.SilkS) (width 0.12))
    (fp_line (start -1.46 0.53) (end -10.09 0.53) (layer F.SilkS) (width 0.12))
    (fp_line (start -1.46 0.41) (end -10.09 0.41) (layer F.SilkS) (width 0.12))
    (fp_line (start -1.46 0.29) (end -10.09 0.29) (layer F.SilkS) (width 0.12))
    (fp_line (start -1.46 0.17) (end -10.09 0.17) (layer F.SilkS) (width 0.12))
    (fp_line (start -1.46 0.05) (end -10.09 0.05) (layer F.SilkS) (width 0.12))
    (fp_line (start -1.46 -0.07) (end -10.09 -0.07) (layer F.SilkS) (width 0.12))
    (fp_line (start -1.46 -0.19) (end -10.09 -0.19) (layer F.SilkS) (width 0.12))
    (fp_line (start -1.46 -0.31) (end -10.09 -0.31) (layer F.SilkS) (width 0.12))
    (fp_line (start -1.46 -0.43) (end -10.09 -0.43) (layer F.SilkS) (width 0.12))
    (fp_line (start -1.46 -0.55) (end -10.09 -0.55) (layer F.SilkS) (width 0.12))
    (fp_line (start -1.46 -0.67) (end -10.09 -0.67) (layer F.SilkS) (width 0.12))
    (fp_line (start -1.46 -0.79) (end -10.09 -0.79) (layer F.SilkS) (width 0.12))
    (fp_line (start -1.46 -0.91) (end -10.09 -0.91) (layer F.SilkS) (width 0.12))
    (fp_line (start -1.46 -1.03) (end -10.09 -1.03) (layer F.SilkS) (width 0.12))
    (fp_line (start -1.46 -1.15) (end -10.09 -1.15) (layer F.SilkS) (width 0.12))
    (fp_line (start -1.03 0.38) (end -1.46 0.38) (layer F.SilkS) (width 0.12))
    (fp_line (start -1.03 -0.38) (end -1.46 -0.38) (layer F.SilkS) (width 0.12))
    (fp_line (start -10.09 -1.33) (end -1.46 -1.33) (layer F.SilkS) (width 0.12))
    (fp_line (start -10.09 1.27) (end -10.09 -1.33) (layer F.SilkS) (width 0.12))
    (fp_line (start -1.46 1.27) (end -10.09 1.27) (layer F.SilkS) (width 0.12))
    (fp_line (start -1.46 -1.33) (end -1.46 1.27) (layer F.SilkS) (width 0.12))
    (fp_line (start -1.52 22.54) (end 0 22.54) (layer F.Fab) (width 0.1))
    (fp_line (start -1.52 23.18) (end -1.52 22.54) (layer F.Fab) (width 0.1))
    (fp_line (start 0 23.18) (end -1.52 23.18) (layer F.Fab) (width 0.1))
    (fp_line (start 0 22.54) (end 0 23.18) (layer F.Fab) (width 0.1))
    (fp_line (start -10.03 21.59) (end -1.52 21.59) (layer F.Fab) (width 0.1))
    (fp_line (start -10.03 24.13) (end -10.03 21.59) (layer F.Fab) (width 0.1))
    (fp_line (start -1.52 24.13) (end -10.03 24.13) (layer F.Fab) (width 0.1))
    (fp_line (start -1.52 21.59) (end -1.52 24.13) (layer F.Fab) (width 0.1))
    (fp_line (start -1.52 20) (end 0 20) (layer F.Fab) (width 0.1))
    (fp_line (start -1.52 20.64) (end -1.52 20) (layer F.Fab) (width 0.1))
    (fp_line (start 0 20.64) (end -1.52 20.64) (layer F.Fab) (width 0.1))
    (fp_line (start 0 20) (end 0 20.64) (layer F.Fab) (width 0.1))
    (fp_line (start -10.03 19.05) (end -1.52 19.05) (layer F.Fab) (width 0.1))
    (fp_line (start -10.03 21.59) (end -10.03 19.05) (layer F.Fab) (width 0.1))
    (fp_line (start -1.52 21.59) (end -10.03 21.59) (layer F.Fab) (width 0.1))
    (fp_line (start -1.52 19.05) (end -1.52 21.59) (layer F.Fab) (width 0.1))
    (fp_line (start -1.52 17.46) (end 0 17.46) (layer F.Fab) (width 0.1))
    (fp_line (start -1.52 18.1) (end -1.52 17.46) (layer F.Fab) (width 0.1))
    (fp_line (start 0 18.1) (end -1.52 18.1) (layer F.Fab) (width 0.1))
    (fp_line (start 0 17.46) (end 0 18.1) (layer F.Fab) (width 0.1))
    (fp_line (start -10.03 16.51) (end -1.52 16.51) (layer F.Fab) (width 0.1))
    (fp_line (start -10.03 19.05) (end -10.03 16.51) (layer F.Fab) (width 0.1))
    (fp_line (start -1.52 19.05) (end -10.03 19.05) (layer F.Fab) (width 0.1))
    (fp_line (start -1.52 16.51) (end -1.52 19.05) (layer F.Fab) (width 0.1))
    (fp_line (start -1.52 14.92) (end 0 14.92) (layer F.Fab) (width 0.1))
    (fp_line (start -1.52 15.56) (end -1.52 14.92) (layer F.Fab) (width 0.1))
    (fp_line (start 0 15.56) (end -1.52 15.56) (layer F.Fab) (width 0.1))
    (fp_line (start 0 14.92) (end 0 15.56) (layer F.Fab) (width 0.1))
    (fp_line (start -10.03 13.97) (end -1.52 13.97) (layer F.Fab) (width 0.1))
    (fp_line (start -10.03 16.51) (end -10.03 13.97) (layer F.Fab) (width 0.1))
    (fp_line (start -1.52 16.51) (end -10.03 16.51) (layer F.Fab) (width 0.1))
    (fp_line (start -1.52 13.97) (end -1.52 16.51) (layer F.Fab) (width 0.1))
    (fp_line (start -1.52 12.38) (end 0 12.38) (layer F.Fab) (width 0.1))
    (fp_line (start -1.52 13.02) (end -1.52 12.38) (layer F.Fab) (width 0.1))
    (fp_line (start 0 13.02) (end -1.52 13.02) (layer F.Fab) (width 0.1))
    (fp_line (start 0 12.38) (end 0 13.02) (layer F.Fab) (width 0.1))
    (fp_line (start -10.03 11.43) (end -1.52 11.43) (layer F.Fab) (width 0.1))
    (fp_line (start -10.03 13.97) (end -10.03 11.43) (layer F.Fab) (width 0.1))
    (fp_line (start -1.52 13.97) (end -10.03 13.97) (layer F.Fab) (width 0.1))
    (fp_line (start -1.52 11.43) (end -1.52 13.97) (layer F.Fab) (width 0.1))
    (fp_line (start -1.52 9.84) (end 0 9.84) (layer F.Fab) (width 0.1))
    (fp_line (start -1.52 10.48) (end -1.52 9.84) (layer F.Fab) (width 0.1))
    (fp_line (start 0 10.48) (end -1.52 10.48) (layer F.Fab) (width 0.1))
    (fp_line (start 0 9.84) (end 0 10.48) (layer F.Fab) (width 0.1))
    (fp_line (start -10.03 8.89) (end -1.52 8.89) (layer F.Fab) (width 0.1))
    (fp_line (start -10.03 11.43) (end -10.03 8.89) (layer F.Fab) (width 0.1))
    (fp_line (start -1.52 11.43) (end -10.03 11.43) (layer F.Fab) (width 0.1))
    (fp_line (start -1.52 8.89) (end -1.52 11.43) (layer F.Fab) (width 0.1))
    (fp_line (start -1.52 7.3) (end 0 7.3) (layer F.Fab) (width 0.1))
    (fp_line (start -1.52 7.94) (end -1.52 7.3) (layer F.Fab) (width 0.1))
    (fp_line (start 0 7.94) (end -1.52 7.94) (layer F.Fab) (width 0.1))
    (fp_line (start 0 7.3) (end 0 7.94) (layer F.Fab) (width 0.1))
    (fp_line (start -10.03 6.35) (end -1.52 6.35) (layer F.Fab) (width 0.1))
    (fp_line (start -10.03 8.89) (end -10.03 6.35) (layer F.Fab) (width 0.1))
    (fp_line (start -1.52 8.89) (end -10.03 8.89) (layer F.Fab) (width 0.1))
    (fp_line (start -1.52 6.35) (end -1.52 8.89) (layer F.Fab) (width 0.1))
    (fp_line (start -1.52 4.76) (end 0 4.76) (layer F.Fab) (width 0.1))
    (fp_line (start -1.52 5.4) (end -1.52 4.76) (layer F.Fab) (width 0.1))
    (fp_line (start 0 5.4) (end -1.52 5.4) (layer F.Fab) (width 0.1))
    (fp_line (start 0 4.76) (end 0 5.4) (layer F.Fab) (width 0.1))
    (fp_line (start -10.03 3.81) (end -1.52 3.81) (layer F.Fab) (width 0.1))
    (fp_line (start -10.03 6.35) (end -10.03 3.81) (layer F.Fab) (width 0.1))
    (fp_line (start -1.52 6.35) (end -10.03 6.35) (layer F.Fab) (width 0.1))
    (fp_line (start -1.52 3.81) (end -1.52 6.35) (layer F.Fab) (width 0.1))
    (fp_line (start -1.52 2.22) (end 0 2.22) (layer F.Fab) (width 0.1))
    (fp_line (start -1.52 2.86) (end -1.52 2.22) (layer F.Fab) (width 0.1))
    (fp_line (start 0 2.86) (end -1.52 2.86) (layer F.Fab) (width 0.1))
    (fp_line (start 0 2.22) (end 0 2.86) (layer F.Fab) (width 0.1))
    (fp_line (start -10.03 1.27) (end -1.52 1.27) (layer F.Fab) (width 0.1))
    (fp_line (start -10.03 3.81) (end -10.03 1.27) (layer F.Fab) (width 0.1))
    (fp_line (start -1.52 3.81) (end -10.03 3.81) (layer F.Fab) (width 0.1))
    (fp_line (start -1.52 1.27) (end -1.52 3.81) (layer F.Fab) (width 0.1))
    (fp_line (start -1.52 -0.32) (end 0 -0.32) (layer F.Fab) (width 0.1))
    (fp_line (start -1.52 0.32) (end -1.52 -0.32) (layer F.Fab) (width 0.1))
    (fp_line (start 0 0.32) (end -1.52 0.32) (layer F.Fab) (width 0.1))
    (fp_line (start 0 -0.32) (end 0 0.32) (layer F.Fab) (width 0.1))
    (fp_line (start -10.03 -1.27) (end -1.52 -1.27) (layer F.Fab) (width 0.1))
    (fp_line (start -10.03 1.27) (end -10.03 -1.27) (layer F.Fab) (width 0.1))
    (fp_line (start -1.52 1.27) (end -10.03 1.27) (layer F.Fab) (width 0.1))
    (fp_line (start -1.52 -1.27) (end -1.52 1.27) (layer F.Fab) (width 0.1))
    (fp_text user %R (at 2.122 23.494254 180) (layer F.Fab)
      (effects (font (size 1 1) (thickness 0.15)))
    )
    (pad 1 thru_hole rect (at 0 0 90) (size 1.7 1.7) (drill 1) (layers *.Cu *.Mask)
      (net 10 OUT16))
    (pad 2 thru_hole oval (at 0 2.54 90) (size 1.7 1.7) (drill 1) (layers *.Cu *.Mask)
      (net 9 OUT15))
    (pad 3 thru_hole oval (at 0 5.08 90) (size 1.7 1.7) (drill 1) (layers *.Cu *.Mask)
      (net 8 OUT14))
    (pad 4 thru_hole oval (at 0 7.62 90) (size 1.7 1.7) (drill 1) (layers *.Cu *.Mask)
      (net 7 OUT13))
    (pad 5 thru_hole oval (at 0 10.16 90) (size 1.7 1.7) (drill 1) (layers *.Cu *.Mask)
      (net 6 OUT12))
    (pad 6 thru_hole oval (at 0 12.7 90) (size 1.7 1.7) (drill 1) (layers *.Cu *.Mask)
      (net 5 OUT11))
    (pad 7 thru_hole oval (at 0 15.24 90) (size 1.7 1.7) (drill 1) (layers *.Cu *.Mask)
      (net 4 OUT10))
    (pad 8 thru_hole oval (at 0 17.78 90) (size 1.7 1.7) (drill 1) (layers *.Cu *.Mask)
      (net 3 OUT9))
    (pad 9 thru_hole oval (at 0 20.32 90) (size 1.7 1.7) (drill 1) (layers *.Cu *.Mask)
      (net 2 VCC))
    (pad 10 thru_hole oval (at 0 22.86 90) (size 1.7 1.7) (drill 1) (layers *.Cu *.Mask)
      (net 1 GND))
    (model ${KISYS3DMOD}/Socket_Strips.3dshapes/Socket_Strip_Angled_1x10_Pitch2.54mm.wrl
      (offset (xyz 0 -11.42999982833862 0))
      (scale (xyz 1 1 1))
      (rotate (xyz 0 0 270))
    )
    (model :kicad-packages3D:Connector_PinSocket_2.54mm.3dshapes/PinSocket_1x10_P2.54mm_Horizontal.step
      (at (xyz 0 0 0))
      (scale (xyz 1 1 1))
      (rotate (xyz 0 0 0))
    )
  )

  (gr_line (start 183.5 104.30036) (end 211.5 104.30036) (layer Edge.Cuts) (width 0.1) (tstamp 612601FC))
  (gr_arc (start 183.5 104.80036) (end 183 104.80036) (angle 90) (layer Edge.Cuts) (width 0.1) (tstamp 612601F6))
  (gr_line (start 183 104.80036) (end 183 108.60036) (layer Edge.Cuts) (width 0.1) (tstamp 612C379E))
  (gr_arc (start 182.5 108.60036) (end 183 108.60036) (angle 90) (layer Edge.Cuts) (width 0.1) (tstamp 612C379B))
  (gr_line (start 183.5 93.8) (end 183.5 94.39964) (layer Edge.Cuts) (width 0.1) (tstamp 612C4411))
  (gr_line (start 184 93.3) (end 211.5 93.3) (layer Edge.Cuts) (width 0.1) (tstamp 6125FF0A))
  (gr_arc (start 184 93.8) (end 183.5 93.8) (angle 90) (layer Edge.Cuts) (width 0.1) (tstamp 6125FE45))
  (gr_arc (start 183 94.39964) (end 183.5 94.39964) (angle 90) (layer Edge.Cuts) (width 0.1) (tstamp 612C44CC))
  (gr_text "batch9/led-north\n" (at 110.02 97.1) (layer F.SilkS) (tstamp 612C3798)
    (effects (font (size 1.5 1.5) (thickness 0.3)))
  )
  (gr_circle (center 175.5 101.622) (end 178.5 101.622) (layer F.CrtYd) (width 0.1) (tstamp 60D56EB0))
  (gr_arc (start 211.5 103.80036) (end 211.5 104.30036) (angle -90) (layer Edge.Cuts) (width 0.1) (tstamp 60D56C87))
  (gr_line (start 176.665746 111.80036) (end 221.665746 111.80036) (layer Dwgs.User) (width 0.1) (tstamp 60D553B6))
  (gr_line (start 178.45 97.622) (end 178.45 105.622) (layer Dwgs.User) (width 0.15))
  (gr_circle (center 175.5 101.622) (end 173.9 101.622) (layer Edge.Cuts) (width 0.1) (tstamp 60D5575C))
  (gr_line (start 221.665746 115.90036) (end 176.665746 115.90036) (layer Dwgs.User) (width 0.1))
  (gr_line (start 221.665746 114.30036) (end 221.665746 115.90036) (layer Dwgs.User) (width 0.1))
  (gr_line (start 176.665746 114.30036) (end 221.665746 114.30036) (layer Dwgs.User) (width 0.1))
  (gr_line (start 176.665746 115.90036) (end 176.665746 114.30036) (layer Dwgs.User) (width 0.1))
  (gr_circle (center 93.5 101.622) (end 91.9 101.622) (layer Edge.Cuts) (width 0.1))
  (gr_line (start 212 103.80036) (end 212 93.8) (layer Edge.Cuts) (width 0.1) (tstamp 6125F298))
  (gr_line (start 165.5 109.10036) (end 182.5 109.10036) (layer Edge.Cuts) (width 0.1) (tstamp 612C3795))
  (gr_arc (start 165.5 108.60036) (end 165.5 109.10036) (angle 90) (layer Edge.Cuts) (width 0.1) (tstamp 612C3792))
  (gr_line (start 165 108.10036) (end 165 108.60036) (layer Edge.Cuts) (width 0.1) (tstamp 612C378F))
  (gr_arc (start 164.5 108.10036) (end 164 108.10036) (angle 180) (layer Edge.Cuts) (width 0.1) (tstamp 612C378C))
  (gr_line (start 164 109.4) (end 164 108.10036) (layer Edge.Cuts) (width 0.1) (tstamp 612C3789))
  (gr_arc (start 163.5 109.4) (end 164 109.4) (angle 90) (layer Edge.Cuts) (width 0.1) (tstamp 612C3786))
  (gr_line (start 159.5 109.9) (end 163.5 109.9) (layer Edge.Cuts) (width 0.1) (tstamp 612C3783))
  (gr_arc (start 159.5 109.4) (end 159.5 109.9) (angle 90) (layer Edge.Cuts) (width 0.1) (tstamp 612C3780))
  (gr_line (start 159 108.10036) (end 159 109.4) (layer Edge.Cuts) (width 0.1) (tstamp 612C377D))
  (gr_arc (start 158.5 108.10036) (end 158 108.10036) (angle 180) (layer Edge.Cuts) (width 0.1) (tstamp 612C377A))
  (gr_line (start 158 108.60036) (end 158 108.10036) (layer Edge.Cuts) (width 0.1) (tstamp 612C3777))
  (gr_arc (start 157.5 108.60036) (end 158 108.60036) (angle 90) (layer Edge.Cuts) (width 0.1) (tstamp 612C3774))
  (gr_line (start 152.5 109.10036) (end 157.5 109.10036) (layer Edge.Cuts) (width 0.1) (tstamp 612C3771))
  (gr_arc (start 152.5 108.60036) (end 152.5 109.10036) (angle 90) (layer Edge.Cuts) (width 0.1) (tstamp 612C376E))
  (gr_line (start 152 108.10036) (end 152 108.60036) (layer Edge.Cuts) (width 0.1) (tstamp 612C376B))
  (gr_arc (start 151.5 108.10036) (end 151 108.10036) (angle 180) (layer Edge.Cuts) (width 0.1) (tstamp 612C3768))
  (gr_line (start 151 109.400359) (end 151 108.10036) (layer Edge.Cuts) (width 0.1) (tstamp 612C3765))
  (gr_arc (start 150.5 109.400359) (end 151 109.400359) (angle 90) (layer Edge.Cuts) (width 0.1) (tstamp 612C3762))
