(kicad_pcb (version 20171130) (host pcbnew "(5.1.6-0-10_14)")

  (general
    (thickness 1.6)
    (drawings 27)
    (tracks 0)
    (zones 0)
    (modules 10)
    (nets 11)
  )

  (page A4)
  (layers
    (0 F.Cu signal)
    (31 B.Cu signal)
    (32 B.Adhes user)
    (33 F.Adhes user)
    (34 B.Paste user)
    (35 F.Paste user)
    (36 B.SilkS user)
    (37 F.SilkS user)
    (38 B.Mask user)
    (39 F.Mask user)
    (40 Dwgs.User user)
    (41 Cmts.User user)
    (42 Eco1.User user)
    (43 Eco2.User user)
    (44 Edge.Cuts user)
    (45 Margin user)
    (46 B.CrtYd user)
    (47 F.CrtYd user)
    (48 B.Fab user)
    (49 F.Fab user)
  )

  (setup
    (last_trace_width 0.25)
    (trace_clearance 0.2)
    (zone_clearance 0.508)
    (zone_45_only no)
    (trace_min 0.2)
    (via_size 0.8)
    (via_drill 0.4)
    (via_min_size 0.4)
    (via_min_drill 0.3)
    (uvia_size 0.3)
    (uvia_drill 0.1)
    (uvias_allowed no)
    (uvia_min_size 0.2)
    (uvia_min_drill 0.1)
    (edge_width 0.1)
    (segment_width 0.2)
    (pcb_text_width 0.3)
    (pcb_text_size 1.5 1.5)
    (mod_edge_width 0.15)
    (mod_text_size 1 1)
    (mod_text_width 0.15)
    (pad_size 1.524 1.524)
    (pad_drill 1.016)
    (pad_to_mask_clearance 0)
    (aux_axis_origin 0 0)
    (grid_origin 0.5 0.5)
    (visible_elements FFFFFF7F)
    (pcbplotparams
      (layerselection 0x010fc_ffffffff)
      (usegerberextensions false)
      (usegerberattributes true)
      (usegerberadvancedattributes true)
      (creategerberjobfile true)
      (excludeedgelayer true)
      (linewidth 0.100000)
      (plotframeref false)
      (viasonmask false)
      (mode 1)
      (useauxorigin false)
      (hpglpennumber 1)
      (hpglpenspeed 20)
      (hpglpendiameter 15.000000)
      (psnegative false)
      (psa4output false)
      (plotreference true)
      (plotvalue true)
      (plotinvisibletext false)
      (padsonsilk false)
      (subtractmaskfromsilk false)
      (outputformat 1)
      (mirror false)
      (drillshape 1)
      (scaleselection 1)
      (outputdirectory ""))
  )

  (net 0 "")
  (net 1 GND)
  (net 2 VCC)
  (net 3 OUT1)
  (net 4 OUT2)
  (net 5 OUT3)
  (net 6 OUT4)
  (net 7 OUT5)
  (net 8 OUT6)
  (net 9 OUT7)
  (net 10 OUT8)

  (net_class Default "This is the default net class."
    (clearance 0.2)
    (trace_width 0.25)
    (via_dia 0.8)
    (via_drill 0.4)
    (uvia_dia 0.3)
    (uvia_drill 0.1)
    (add_net GND)
    (add_net OUT1)
    (add_net OUT2)
    (add_net OUT3)
    (add_net OUT4)
    (add_net OUT5)
    (add_net OUT6)
    (add_net OUT7)
    (add_net OUT8)
    (add_net VCC)
  )

  (module LEDs:LED_D5.0mm (layer F.Cu) (tedit 5995936A) (tstamp 5EFF066C)
    (at 164.73 113.5)
    (descr "LED, diameter 5.0mm, 2 pins, http://cdn-reichelt.de/documents/datenblatt/A500/LL-504BC2E-009.pdf")
    (tags "LED diameter 5.0mm 2 pins")
    (path /5ECD722C)
    (fp_text reference D1 (at 1.27 -3.96) (layer F.SilkS)
      (effects (font (size 1 1) (thickness 0.15)))
    )
    (fp_text value LED (at 1.27 3.96) (layer F.Fab)
      (effects (font (size 1 1) (thickness 0.15)))
    )
    (fp_line (start 4.5 -3.25) (end -1.95 -3.25) (layer F.CrtYd) (width 0.05))
    (fp_line (start 4.5 3.25) (end 4.5 -3.25) (layer F.CrtYd) (width 0.05))
    (fp_line (start -1.95 3.25) (end 4.5 3.25) (layer F.CrtYd) (width 0.05))
    (fp_line (start -1.95 -3.25) (end -1.95 3.25) (layer F.CrtYd) (width 0.05))
    (fp_line (start -1.29 -1.545) (end -1.29 1.545) (layer F.SilkS) (width 0.12))
    (fp_line (start -1.23 -1.469694) (end -1.23 1.469694) (layer F.Fab) (width 0.1))
    (fp_circle (center 1.27 0) (end 3.77 0) (layer F.SilkS) (width 0.12))
    (fp_circle (center 1.27 0) (end 3.77 0) (layer F.Fab) (width 0.1))
    (fp_arc (start 1.27 0) (end -1.23 -1.469694) (angle 299.1) (layer F.Fab) (width 0.1))
    (fp_arc (start 1.27 0) (end -1.29 -1.54483) (angle 148.9) (layer F.SilkS) (width 0.12))
    (fp_arc (start 1.27 0) (end -1.29 1.54483) (angle -148.9) (layer F.SilkS) (width 0.12))
    (fp_text user %R (at 2.36 -1.44) (layer F.Fab)
      (effects (font (size 0.8 0.8) (thickness 0.2)))
    )
    (pad 1 thru_hole rect (at 0 0) (size 1.8 1.8) (drill 0.9) (layers *.Cu *.Mask)
      (net 3 OUT1))
    (pad 2 thru_hole circle (at 2.54 0) (size 1.8 1.8) (drill 0.9) (layers *.Cu *.Mask)
      (net 2 VCC))
    (model ${KISYS3DMOD}/LEDs.3dshapes/LED_D5.0mm.wrl
      (at (xyz 0 0 0))
      (scale (xyz 0.393701 0.393701 0.393701))
      (rotate (xyz 0 0 0))
    )
    (model :desktop:OVLEW1CB9_OVLGC0C6B9.step.step
      (at (xyz 0 0 0))
      (scale (xyz 1 1 1))
      (rotate (xyz 0 0 0))
    )
  )

  (module LEDs:LED_D5.0mm (layer F.Cu) (tedit 5995936A) (tstamp 5EFF0639)
    (at 155.73 113.5)
    (descr "LED, diameter 5.0mm, 2 pins, http://cdn-reichelt.de/documents/datenblatt/A500/LL-504BC2E-009.pdf")
    (tags "LED diameter 5.0mm 2 pins")
    (path /5ECD7222)
    (fp_text reference D2 (at 1.27 -3.96) (layer F.SilkS)
      (effects (font (size 1 1) (thickness 0.15)))
    )
    (fp_text value LED (at 1.27 3.96) (layer F.Fab)
      (effects (font (size 1 1) (thickness 0.15)))
    )
    (fp_text user %R (at 1.25 0) (layer F.Fab)
      (effects (font (size 0.8 0.8) (thickness 0.2)))
    )
    (fp_arc (start 1.27 0) (end -1.29 1.54483) (angle -148.9) (layer F.SilkS) (width 0.12))
    (fp_arc (start 1.27 0) (end -1.29 -1.54483) (angle 148.9) (layer F.SilkS) (width 0.12))
    (fp_arc (start 1.27 0) (end -1.23 -1.469694) (angle 299.1) (layer F.Fab) (width 0.1))
    (fp_circle (center 1.27 0) (end 3.77 0) (layer F.Fab) (width 0.1))
    (fp_circle (center 1.27 0) (end 3.77 0) (layer F.SilkS) (width 0.12))
    (fp_line (start -1.23 -1.469694) (end -1.23 1.469694) (layer F.Fab) (width 0.1))
    (fp_line (start -1.29 -1.545) (end -1.29 1.545) (layer F.SilkS) (width 0.12))
    (fp_line (start -1.95 -3.25) (end -1.95 3.25) (layer F.CrtYd) (width 0.05))
    (fp_line (start -1.95 3.25) (end 4.5 3.25) (layer F.CrtYd) (width 0.05))
    (fp_line (start 4.5 3.25) (end 4.5 -3.25) (layer F.CrtYd) (width 0.05))
    (fp_line (start 4.5 -3.25) (end -1.95 -3.25) (layer F.CrtYd) (width 0.05))
    (pad 2 thru_hole circle (at 2.54 0) (size 1.8 1.8) (drill 0.9) (layers *.Cu *.Mask)
      (net 2 VCC))
    (pad 1 thru_hole rect (at 0 0) (size 1.8 1.8) (drill 0.9) (layers *.Cu *.Mask)
      (net 4 OUT2))
    (model ${KISYS3DMOD}/LEDs.3dshapes/LED_D5.0mm.wrl
      (at (xyz 0 0 0))
      (scale (xyz 0.393701 0.393701 0.393701))
      (rotate (xyz 0 0 0))
    )
    (model :desktop:OVLEW1CB9_OVLGC0C6B9.step.step
      (at (xyz 0 0 0))
      (scale (xyz 1 1 1))
      (rotate (xyz 0 0 0))
    )
  )

  (module LEDs:LED_D5.0mm (layer F.Cu) (tedit 5995936A) (tstamp 5EFF0606)
    (at 146.73 113.5)
    (descr "LED, diameter 5.0mm, 2 pins, http://cdn-reichelt.de/documents/datenblatt/A500/LL-504BC2E-009.pdf")
    (tags "LED diameter 5.0mm 2 pins")
    (path /5ECD7218)
    (fp_text reference D3 (at 1.27 -3.96) (layer F.SilkS)
      (effects (font (size 1 1) (thickness 0.15)))
    )
    (fp_text value LED (at 1.27 3.96) (layer F.Fab)
      (effects (font (size 1 1) (thickness 0.15)))
    )
    (fp_line (start 4.5 -3.25) (end -1.95 -3.25) (layer F.CrtYd) (width 0.05))
    (fp_line (start 4.5 3.25) (end 4.5 -3.25) (layer F.CrtYd) (width 0.05))
    (fp_line (start -1.95 3.25) (end 4.5 3.25) (layer F.CrtYd) (width 0.05))
    (fp_line (start -1.95 -3.25) (end -1.95 3.25) (layer F.CrtYd) (width 0.05))
    (fp_line (start -1.29 -1.545) (end -1.29 1.545) (layer F.SilkS) (width 0.12))
    (fp_line (start -1.23 -1.469694) (end -1.23 1.469694) (layer F.Fab) (width 0.1))
    (fp_circle (center 1.27 0) (end 3.77 0) (layer F.SilkS) (width 0.12))
    (fp_circle (center 1.27 0) (end 3.77 0) (layer F.Fab) (width 0.1))
    (fp_arc (start 1.27 0) (end -1.23 -1.469694) (angle 299.1) (layer F.Fab) (width 0.1))
    (fp_arc (start 1.27 0) (end -1.29 -1.54483) (angle 148.9) (layer F.SilkS) (width 0.12))
    (fp_arc (start 1.27 0) (end -1.29 1.54483) (angle -148.9) (layer F.SilkS) (width 0.12))
    (fp_text user %R (at 1.25 0) (layer F.Fab)
      (effects (font (size 0.8 0.8) (thickness 0.2)))
    )
    (pad 1 thru_hole rect (at 0 0) (size 1.8 1.8) (drill 0.9) (layers *.Cu *.Mask)
      (net 5 OUT3))
    (pad 2 thru_hole circle (at 2.54 0) (size 1.8 1.8) (drill 0.9) (layers *.Cu *.Mask)
      (net 2 VCC))
    (model ${KISYS3DMOD}/LEDs.3dshapes/LED_D5.0mm.wrl
      (at (xyz 0 0 0))
      (scale (xyz 0.3937 0.3937 0.3937))
      (rotate (xyz 0 0 0))
    )
    (model :desktop:OVLEW1CB9_OVLGC0C6B9.step.step
      (at (xyz 0 0 0))
      (scale (xyz 1 1 1))
      (rotate (xyz 0 0 0))
    )
  )

  (module LEDs:LED_D5.0mm (layer F.Cu) (tedit 5995936A) (tstamp 5EFF05D3)
    (at 137.73 113.5)
    (descr "LED, diameter 5.0mm, 2 pins, http://cdn-reichelt.de/documents/datenblatt/A500/LL-504BC2E-009.pdf")
    (tags "LED diameter 5.0mm 2 pins")
    (path /5ECD720E)
    (fp_text reference D4 (at 1.27 -3.96) (layer F.SilkS)
      (effects (font (size 1 1) (thickness 0.15)))
    )
    (fp_text value LED (at 1.27 3.96) (layer F.Fab)
      (effects (font (size 1 1) (thickness 0.15)))
    )
    (fp_text user %R (at 1.25 0) (layer F.Fab)
      (effects (font (size 0.8 0.8) (thickness 0.2)))
    )
    (fp_arc (start 1.27 0) (end -1.29 1.54483) (angle -148.9) (layer F.SilkS) (width 0.12))
    (fp_arc (start 1.27 0) (end -1.29 -1.54483) (angle 148.9) (layer F.SilkS) (width 0.12))
    (fp_arc (start 1.27 0) (end -1.23 -1.469694) (angle 299.1) (layer F.Fab) (width 0.1))
    (fp_circle (center 1.27 0) (end 3.77 0) (layer F.Fab) (width 0.1))
    (fp_circle (center 1.27 0) (end 3.77 0) (layer F.SilkS) (width 0.12))
    (fp_line (start -1.23 -1.469694) (end -1.23 1.469694) (layer F.Fab) (width 0.1))
    (fp_line (start -1.29 -1.545) (end -1.29 1.545) (layer F.SilkS) (width 0.12))
    (fp_line (start -1.95 -3.25) (end -1.95 3.25) (layer F.CrtYd) (width 0.05))
    (fp_line (start -1.95 3.25) (end 4.5 3.25) (layer F.CrtYd) (width 0.05))
    (fp_line (start 4.5 3.25) (end 4.5 -3.25) (layer F.CrtYd) (width 0.05))
    (fp_line (start 4.5 -3.25) (end -1.95 -3.25) (layer F.CrtYd) (width 0.05))
    (pad 2 thru_hole circle (at 2.54 0) (size 1.8 1.8) (drill 0.9) (layers *.Cu *.Mask)
      (net 2 VCC))
    (pad 1 thru_hole rect (at 0 0) (size 1.8 1.8) (drill 0.9) (layers *.Cu *.Mask)
      (net 6 OUT4))
    (model ${KISYS3DMOD}/LEDs.3dshapes/LED_D5.0mm.wrl
      (at (xyz 0 0 0))
      (scale (xyz 0.393701 0.393701 0.393701))
      (rotate (xyz 0 0 0))
    )
    (model :desktop:OVLEW1CB9_OVLGC0C6B9.step.step
      (at (xyz 0 0 0))
      (scale (xyz 1 1 1))
      (rotate (xyz 0 0 0))
    )
  )

  (module LEDs:LED_D5.0mm (layer F.Cu) (tedit 5995936A) (tstamp 5EFFA656)
    (at 128.73 113.5)
    (descr "LED, diameter 5.0mm, 2 pins, http://cdn-reichelt.de/documents/datenblatt/A500/LL-504BC2E-009.pdf")
    (tags "LED diameter 5.0mm 2 pins")
    (path /5ECD30CB)
    (fp_text reference D5 (at 1.27 -3.96) (layer F.SilkS)
      (effects (font (size 1 1) (thickness 0.15)))
    )
    (fp_text value LED (at 1.27 3.96) (layer F.Fab)
      (effects (font (size 1 1) (thickness 0.15)))
    )
    (fp_line (start 4.5 -3.25) (end -1.95 -3.25) (layer F.CrtYd) (width 0.05))
    (fp_line (start 4.5 3.25) (end 4.5 -3.25) (layer F.CrtYd) (width 0.05))
    (fp_line (start -1.95 3.25) (end 4.5 3.25) (layer F.CrtYd) (width 0.05))
    (fp_line (start -1.95 -3.25) (end -1.95 3.25) (layer F.CrtYd) (width 0.05))
    (fp_line (start -1.29 -1.545) (end -1.29 1.545) (layer F.SilkS) (width 0.12))
    (fp_line (start -1.23 -1.469694) (end -1.23 1.469694) (layer F.Fab) (width 0.1))
    (fp_circle (center 1.27 0) (end 3.77 0) (layer F.SilkS) (width 0.12))
    (fp_circle (center 1.27 0) (end 3.77 0) (layer F.Fab) (width 0.1))
    (fp_arc (start 1.27 0) (end -1.23 -1.469694) (angle 299.1) (layer F.Fab) (width 0.1))
    (fp_arc (start 1.27 0) (end -1.29 -1.54483) (angle 148.9) (layer F.SilkS) (width 0.12))
    (fp_arc (start 1.27 0) (end -1.29 1.54483) (angle -148.9) (layer F.SilkS) (width 0.12))
    (fp_text user %R (at 1.25 0) (layer F.Fab)
      (effects (font (size 0.8 0.8) (thickness 0.2)))
    )
    (pad 1 thru_hole rect (at 0 0) (size 1.8 1.8) (drill 0.9) (layers *.Cu *.Mask)
      (net 7 OUT5))
    (pad 2 thru_hole circle (at 2.54 0) (size 1.8 1.8) (drill 0.9) (layers *.Cu *.Mask)
      (net 2 VCC))
    (model ${KISYS3DMOD}/LEDs.3dshapes/LED_D5.0mm.wrl
      (at (xyz 0 0 0))
      (scale (xyz 0.393701 0.393701 0.393701))
      (rotate (xyz 0 0 0))
    )
    (model :desktop:OVLEW1CB9_OVLGC0C6B9.step.step
      (at (xyz 0 0 0))
      (scale (xyz 1 1 1))
      (rotate (xyz 0 0 0))
    )
  )

  (module LEDs:LED_D5.0mm (layer F.Cu) (tedit 5995936A) (tstamp 5EFFA623)
    (at 119.73 113.5)
    (descr "LED, diameter 5.0mm, 2 pins, http://cdn-reichelt.de/documents/datenblatt/A500/LL-504BC2E-009.pdf")
    (tags "LED diameter 5.0mm 2 pins")
    (path /5ECD2AA7)
    (fp_text reference D6 (at 1.27 -3.96) (layer F.SilkS)
      (effects (font (size 1 1) (thickness 0.15)))
    )
    (fp_text value LED (at 1.27 3.96) (layer F.Fab)
      (effects (font (size 1 1) (thickness 0.15)))
    )
    (fp_text user %R (at 1.25 0) (layer F.Fab)
      (effects (font (size 0.8 0.8) (thickness 0.2)))
    )
    (fp_arc (start 1.27 0) (end -1.29 1.54483) (angle -148.9) (layer F.SilkS) (width 0.12))
    (fp_arc (start 1.27 0) (end -1.29 -1.54483) (angle 148.9) (layer F.SilkS) (width 0.12))
    (fp_arc (start 1.27 0) (end -1.23 -1.469694) (angle 299.1) (layer F.Fab) (width 0.1))
    (fp_circle (center 1.27 0) (end 3.77 0) (layer F.Fab) (width 0.1))
    (fp_circle (center 1.27 0) (end 3.77 0) (layer F.SilkS) (width 0.12))
    (fp_line (start -1.23 -1.469694) (end -1.23 1.469694) (layer F.Fab) (width 0.1))
    (fp_line (start -1.29 -1.545) (end -1.29 1.545) (layer F.SilkS) (width 0.12))
    (fp_line (start -1.95 -3.25) (end -1.95 3.25) (layer F.CrtYd) (width 0.05))
    (fp_line (start -1.95 3.25) (end 4.5 3.25) (layer F.CrtYd) (width 0.05))
    (fp_line (start 4.5 3.25) (end 4.5 -3.25) (layer F.CrtYd) (width 0.05))
    (fp_line (start 4.5 -3.25) (end -1.95 -3.25) (layer F.CrtYd) (width 0.05))
    (pad 2 thru_hole circle (at 2.54 0) (size 1.8 1.8) (drill 0.9) (layers *.Cu *.Mask)
      (net 2 VCC))
    (pad 1 thru_hole rect (at 0 0) (size 1.8 1.8) (drill 0.9) (layers *.Cu *.Mask)
      (net 8 OUT6))
    (model ${KISYS3DMOD}/LEDs.3dshapes/LED_D5.0mm.wrl
      (at (xyz 0 0 0))
      (scale (xyz 0.393701 0.393701 0.393701))
      (rotate (xyz 0 0 0))
    )
    (model :desktop:OVLEW1CB9_OVLGC0C6B9.step.step
      (at (xyz 0 0 0))
      (scale (xyz 1 1 1))
      (rotate (xyz 0 0 0))
    )
  )

  (module LEDs:LED_D5.0mm (layer F.Cu) (tedit 5995936A) (tstamp 5EFFA5F0)
    (at 110.73 113.5)
    (descr "LED, diameter 5.0mm, 2 pins, http://cdn-reichelt.de/documents/datenblatt/A500/LL-504BC2E-009.pdf")
    (tags "LED diameter 5.0mm 2 pins")
    (path /5ECD240F)
    (fp_text reference D7 (at 1.27 -3.96) (layer F.SilkS)
      (effects (font (size 1 1) (thickness 0.15)))
    )
    (fp_text value LED (at 1.27 3.96) (layer F.Fab)
      (effects (font (size 1 1) (thickness 0.15)))
    )
    (fp_line (start 4.5 -3.25) (end -1.95 -3.25) (layer F.CrtYd) (width 0.05))
    (fp_line (start 4.5 3.25) (end 4.5 -3.25) (layer F.CrtYd) (width 0.05))
    (fp_line (start -1.95 3.25) (end 4.5 3.25) (layer F.CrtYd) (width 0.05))
    (fp_line (start -1.95 -3.25) (end -1.95 3.25) (layer F.CrtYd) (width 0.05))
    (fp_line (start -1.29 -1.545) (end -1.29 1.545) (layer F.SilkS) (width 0.12))
    (fp_line (start -1.23 -1.469694) (end -1.23 1.469694) (layer F.Fab) (width 0.1))
    (fp_circle (center 1.27 0) (end 3.77 0) (layer F.SilkS) (width 0.12))
    (fp_circle (center 1.27 0) (end 3.77 0) (layer F.Fab) (width 0.1))
    (fp_arc (start 1.27 0) (end -1.23 -1.469694) (angle 299.1) (layer F.Fab) (width 0.1))
    (fp_arc (start 1.27 0) (end -1.29 -1.54483) (angle 148.9) (layer F.SilkS) (width 0.12))
    (fp_arc (start 1.27 0) (end -1.29 1.54483) (angle -148.9) (layer F.SilkS) (width 0.12))
    (fp_text user %R (at 1.25 0) (layer F.Fab)
      (effects (font (size 0.8 0.8) (thickness 0.2)))
    )
    (pad 1 thru_hole rect (at 0 0) (size 1.8 1.8) (drill 0.9) (layers *.Cu *.Mask)
      (net 9 OUT7))
    (pad 2 thru_hole circle (at 2.54 0) (size 1.8 1.8) (drill 0.9) (layers *.Cu *.Mask)
      (net 2 VCC))
    (model ${KISYS3DMOD}/LEDs.3dshapes/LED_D5.0mm.wrl
      (at (xyz 0 0 0))
      (scale (xyz 0.3937 0.3937 0.3937))
      (rotate (xyz 0 0 0))
    )
    (model :desktop:OVLEW1CB9_OVLGC0C6B9.step.step
      (at (xyz 0 0 0))
      (scale (xyz 1 1 1))
      (rotate (xyz 0 0 0))
    )
  )

  (module LEDs:LED_D5.0mm (layer F.Cu) (tedit 5995936A) (tstamp 5EFFA5BD)
    (at 101.73 113.5)
    (descr "LED, diameter 5.0mm, 2 pins, http://cdn-reichelt.de/documents/datenblatt/A500/LL-504BC2E-009.pdf")
    (tags "LED diameter 5.0mm 2 pins")
    (path /5ECD166D)
    (fp_text reference D8 (at 1.27 -3.96) (layer F.SilkS)
      (effects (font (size 1 1) (thickness 0.15)))
    )
    (fp_text value LED (at 1.27 3.96) (layer F.Fab)
      (effects (font (size 1 1) (thickness 0.15)))
    )
    (fp_text user %R (at 1.25 0) (layer F.Fab)
      (effects (font (size 0.8 0.8) (thickness 0.2)))
    )
    (fp_arc (start 1.27 0) (end -1.29 1.54483) (angle -148.9) (layer F.SilkS) (width 0.12))
    (fp_arc (start 1.27 0) (end -1.29 -1.54483) (angle 148.9) (layer F.SilkS) (width 0.12))
    (fp_arc (start 1.27 0) (end -1.23 -1.469694) (angle 299.1) (layer F.Fab) (width 0.1))
    (fp_circle (center 1.27 0) (end 3.77 0) (layer F.Fab) (width 0.1))
    (fp_circle (center 1.27 0) (end 3.77 0) (layer F.SilkS) (width 0.12))
    (fp_line (start -1.23 -1.469694) (end -1.23 1.469694) (layer F.Fab) (width 0.1))
    (fp_line (start -1.29 -1.545) (end -1.29 1.545) (layer F.SilkS) (width 0.12))
    (fp_line (start -1.95 -3.25) (end -1.95 3.25) (layer F.CrtYd) (width 0.05))
    (fp_line (start -1.95 3.25) (end 4.5 3.25) (layer F.CrtYd) (width 0.05))
    (fp_line (start 4.5 3.25) (end 4.5 -3.25) (layer F.CrtYd) (width 0.05))
    (fp_line (start 4.5 -3.25) (end -1.95 -3.25) (layer F.CrtYd) (width 0.05))
    (pad 2 thru_hole circle (at 2.54 0) (size 1.8 1.8) (drill 0.9) (layers *.Cu *.Mask)
      (net 2 VCC))
    (pad 1 thru_hole rect (at 0 0) (size 1.8 1.8) (drill 0.9) (layers *.Cu *.Mask)
      (net 10 OUT8))
    (model ${KISYS3DMOD}/LEDs.3dshapes/LED_D5.0mm.wrl
      (at (xyz 0 0 0))
      (scale (xyz 0.393701 0.393701 0.393701))
      (rotate (xyz 0 0 0))
    )
    (model :desktop:OVLEW1CB9_OVLGC0C6B9.step.step
      (at (xyz 0 0 0))
      (scale (xyz 1 1 1))
      (rotate (xyz 0 0 0))
    )
  )

  (module Ninja-qPCR:TE_7-5530843-6-MALE (layer F.Cu) (tedit 5EFF9FF7) (tstamp 5EFFAD76)
    (at 83 119.7122 270)
    (path /5F0AB97E)
    (fp_text reference J2 (at -1.77 8.54 90) (layer F.SilkS)
      (effects (font (size 1 1) (thickness 0.15)))
    )
    (fp_text value 7-5530843-6 (at 0.11 -1.13 90) (layer F.Fab)
      (effects (font (size 1 1) (thickness 0.15)))
    )
    (fp_line (start -7.4422 0) (end 7.4422 0) (layer F.SilkS) (width 0.12))
    (fp_line (start -8.7122 6.7056) (end 8.7122 6.7056) (layer F.SilkS) (width 0.12))
    (fp_line (start -8.7122 0) (end -8.7122 6.7056) (layer F.SilkS) (width 0.12))
    (fp_line (start 8.7122 0) (end 8.7122 6.7056) (layer F.SilkS) (width 0.12))
    (fp_text user REF** (at -1.77 8.54 90) (layer F.SilkS)
      (effects (font (size 1 1) (thickness 0.15)))
    )
    (pad 1 smd rect (at 6.35 2.54 270) (size 1.651 5.08) (layers B.Cu B.Paste B.Mask)
      (net 2 VCC))
    (pad 2 smd rect (at 6.35 2.54 270) (size 1.651 5.08) (layers F.Cu F.Paste F.Mask)
      (net 1 GND))
    (pad 3 smd rect (at 3.81 2.54 270) (size 1.651 5.08) (layers B.Cu B.Paste B.Mask)
      (net 3 OUT1))
    (pad 4 smd rect (at 3.81 2.54 270) (size 1.651 5.08) (layers F.Cu F.Paste F.Mask)
      (net 4 OUT2))
    (pad 5 smd rect (at 1.27 2.54 270) (size 1.651 5.08) (layers B.Cu B.Paste B.Mask)
      (net 5 OUT3))
    (pad 6 smd rect (at 1.27 2.54 270) (size 1.651 5.08) (layers F.Cu F.Paste F.Mask)
      (net 6 OUT4))
    (pad 7 smd rect (at -1.27 2.54 270) (size 1.651 5.08) (layers B.Cu B.Paste B.Mask)
      (net 7 OUT5))
    (pad 8 smd rect (at -1.27 2.54 270) (size 1.651 5.08) (layers F.Cu F.Paste F.Mask)
      (net 8 OUT6))
    (pad 9 smd rect (at -3.81 2.54 270) (size 1.651 5.08) (layers B.Cu B.Paste B.Mask)
      (net 9 OUT7))
    (pad 10 smd rect (at -3.81 2.54 270) (size 1.651 5.08) (layers F.Cu F.Paste F.Mask)
      (net 10 OUT8))
    (pad 11 smd rect (at -6.35 2.54 270) (size 1.651 5.08) (layers B.Cu B.Paste B.Mask)
      (net 1 GND))
    (pad 12 smd rect (at -6.35 2.54 270) (size 1.651 5.08) (layers F.Cu F.Paste F.Mask)
      (net 1 GND))
  )

  (module Capacitors_SMD:C_0603_HandSoldering (layer F.Cu) (tedit 58AA848B) (tstamp 5EFFD67E)
    (at 86.5 120.5 90)
    (descr "Capacitor SMD 0603, hand soldering")
    (tags "capacitor 0603")
    (path /5ED07E21)
    (attr smd)
    (fp_text reference C1 (at 0 -1.25 90) (layer F.SilkS)
      (effects (font (size 1 1) (thickness 0.15)))
    )
    (fp_text value C (at 0 1.5 90) (layer F.Fab)
      (effects (font (size 1 1) (thickness 0.15)))
    )
    (fp_text user %R (at 0 -1.25 90) (layer F.Fab)
      (effects (font (size 1 1) (thickness 0.15)))
    )
    (fp_line (start -0.8 0.4) (end -0.8 -0.4) (layer F.Fab) (width 0.1))
    (fp_line (start 0.8 0.4) (end -0.8 0.4) (layer F.Fab) (width 0.1))
    (fp_line (start 0.8 -0.4) (end 0.8 0.4) (layer F.Fab) (width 0.1))
    (fp_line (start -0.8 -0.4) (end 0.8 -0.4) (layer F.Fab) (width 0.1))
    (fp_line (start -0.35 -0.6) (end 0.35 -0.6) (layer F.SilkS) (width 0.12))
    (fp_line (start 0.35 0.6) (end -0.35 0.6) (layer F.SilkS) (width 0.12))
    (fp_line (start -1.8 -0.65) (end 1.8 -0.65) (layer F.CrtYd) (width 0.05))
    (fp_line (start -1.8 -0.65) (end -1.8 0.65) (layer F.CrtYd) (width 0.05))
    (fp_line (start 1.8 0.65) (end 1.8 -0.65) (layer F.CrtYd) (width 0.05))
    (fp_line (start 1.8 0.65) (end -1.8 0.65) (layer F.CrtYd) (width 0.05))
    (pad 2 smd rect (at 0.95 0 90) (size 1.2 0.75) (layers F.Cu F.Paste F.Mask)
      (net 1 GND))
    (pad 1 smd rect (at -0.95 0 90) (size 1.2 0.75) (layers F.Cu F.Paste F.Mask)
      (net 2 VCC))
    (model Capacitors_SMD.3dshapes/C_0603.wrl
      (at (xyz 0 0 0))
      (scale (xyz 1 1 1))
      (rotate (xyz 0 0 0))
    )
    (model ${KISYS3DMOD}/Capacitor_SMD.3dshapes/C_0603_1608Metric.step
      (at (xyz 0 0 0))
      (scale (xyz 1 1 1))
      (rotate (xyz 0 0 0))
    )
  )

  (gr_arc (start 90 127.4244) (end 90 128.4244) (angle -90) (layer Edge.Cuts) (width 0.1))
  (gr_arc (start 77.294401 112) (end 77.294401 111) (angle -90) (layer Edge.Cuts) (width 0.1))
  (gr_arc (start 77.294401 127.4244) (end 76.294401 127.4244) (angle -90) (layer Edge.Cuts) (width 0.1))
  (gr_line (start 91 127.4244) (end 91 123) (layer Edge.Cuts) (width 0.1))
  (gr_circle (center 93.5 113.5) (end 95.25 113.5) (layer Edge.Cuts) (width 0.1) (tstamp 5EFFDFA5))
  (gr_circle (center 175.5 113.5) (end 177.25 113.5) (layer Edge.Cuts) (width 0.1) (tstamp 5EFFDFA8))
  (gr_arc (start 177.5 112) (end 178.5 112) (angle -90) (layer Edge.Cuts) (width 0.1))
  (gr_arc (start 177.5 115) (end 177.5 116) (angle -90) (layer Edge.Cuts) (width 0.1))
  (gr_line (start 188 116.5) (end 178.5 116.5) (layer Dwgs.User) (width 0.2) (tstamp 5EFFA3E7))
  (gr_line (start 177.5 116) (end 98 116) (layer Edge.Cuts) (width 0.1))
  (gr_line (start 178.5 112) (end 178.5 115) (layer Edge.Cuts) (width 0.1))
  (gr_line (start 77.294401 111) (end 177.5 111) (layer Edge.Cuts) (width 0.1))
  (gr_line (start 91 123) (end 98 116) (layer Edge.Cuts) (width 0.1) (tstamp 5EFFD35A))
  (gr_line (start 77.294401 128.4244) (end 90 128.4244) (layer Edge.Cuts) (width 0.1))
  (gr_line (start 76.294401 112) (end 76.294401 127.4244) (layer Edge.Cuts) (width 0.1))
  (gr_line (start 178.5 116.5) (end 178.5 119.499999) (layer Dwgs.User) (width 0.2) (tstamp 5EFFA3C9))
  (gr_line (start 178.5 119.499999) (end 90.500001 119.499999) (layer Dwgs.User) (width 0.2) (tstamp 5EFFA3F5))
  (gr_line (start 178.5 106.5) (end 178.5 110.5) (layer Dwgs.User) (width 0.2) (tstamp 5EFFA3CF))
  (gr_line (start 188 110.5) (end 188 116.5) (layer Dwgs.User) (width 0.2) (tstamp 5EFFA3D2))
  (gr_line (start 90.500001 106.5) (end 178.5 106.5) (layer Dwgs.User) (width 0.2) (tstamp 5EFFA3D8))
  (gr_line (start 90.500001 99.7078) (end 90.500001 106.5) (layer Dwgs.User) (width 0.2) (tstamp 5EFFA3DB))
  (gr_line (start 90.500001 127.292199) (end 76.294401 127.292199) (layer Dwgs.User) (width 0.2) (tstamp 5EFFA3DE))
  (gr_line (start 90.500001 119.499999) (end 90.500001 127.292199) (layer Dwgs.User) (width 0.2) (tstamp 5EFFA3E1))
  (gr_line (start 76.294401 99.7078) (end 90.500001 99.7078) (layer Dwgs.User) (width 0.2) (tstamp 5EFFA3E4))
  (gr_circle (center 134.5 113.5) (end 135.059017 113.5) (layer Dwgs.User) (width 0.2) (tstamp 5EFFA3EA))
  (gr_line (start 178.5 110.5) (end 188 110.5) (layer Dwgs.User) (width 0.2) (tstamp 5EFFA3ED))
  (gr_line (start 76.294401 127.292199) (end 76.294401 99.7078) (layer Dwgs.User) (width 0.2) (tstamp 5EFFA3F0))

)
