(kicad_pcb (version 20171130) (host pcbnew "(5.1.6-0-10_14)")

  (general
    (thickness 1.6)
    (drawings 7)
    (tracks 278)
    (zones 0)
    (modules 96)
    (nets 92)
  )

  (page A4)
  (layers
    (0 F.Cu signal)
    (31 B.Cu signal)
    (32 B.Adhes user)
    (33 F.Adhes user)
    (34 B.Paste user)
    (35 F.Paste user)
    (36 B.SilkS user)
    (37 F.SilkS user)
    (38 B.Mask user)
    (39 F.Mask user)
    (40 Dwgs.User user)
    (41 Cmts.User user)
    (42 Eco1.User user)
    (43 Eco2.User user)
    (44 Edge.Cuts user)
    (45 Margin user)
    (46 B.CrtYd user)
    (47 F.CrtYd user)
    (48 B.Fab user)
    (49 F.Fab user)
  )

  (setup
    (last_trace_width 0.25)
    (user_trace_width 0.508)
    (user_trace_width 1.27)
    (user_trace_width 2.54)
    (trace_clearance 0.2)
    (zone_clearance 0.508)
    (zone_45_only no)
    (trace_min 0.2)
    (via_size 0.8)
    (via_drill 0.4)
    (via_min_size 0.4)
    (via_min_drill 0.3)
    (user_via 1.27 0.4)
    (user_via 1.524 0.4)
    (user_via 2.54 0.4)
    (uvia_size 0.3)
    (uvia_drill 0.1)
    (uvias_allowed no)
    (uvia_min_size 0.2)
    (uvia_min_drill 0.1)
    (edge_width 0.1)
    (segment_width 0.2)
    (pcb_text_width 0.3)
    (pcb_text_size 1.5 1.5)
    (mod_edge_width 0.15)
    (mod_text_size 1 1)
    (mod_text_width 0.15)
    (pad_size 1.524 1.524)
    (pad_drill 0.762)
    (pad_to_mask_clearance 0)
    (aux_axis_origin 0 0)
    (visible_elements FFFFFF7F)
    (pcbplotparams
      (layerselection 0x010fc_ffffffff)
      (usegerberextensions false)
      (usegerberattributes true)
      (usegerberadvancedattributes true)
      (creategerberjobfile true)
      (excludeedgelayer true)
      (linewidth 0.100000)
      (plotframeref false)
      (viasonmask false)
      (mode 1)
      (useauxorigin false)
      (hpglpennumber 1)
      (hpglpenspeed 20)
      (hpglpendiameter 15.000000)
      (psnegative false)
      (psa4output false)
      (plotreference true)
      (plotvalue true)
      (plotinvisibletext false)
      (padsonsilk false)
      (subtractmaskfromsilk false)
      (outputformat 1)
      (mirror false)
      (drillshape 1)
      (scaleselection 1)
      (outputdirectory ""))
  )

  (net 0 "")
  (net 1 BODY_HEATER1B)
  (net 2 THERM_WELL)
  (net 3 FAN_BLACK_GND1)
  (net 4 GND)
  (net 5 FAN_BLACK_GND2)
  (net 6 THERM_EXT3)
  (net 7 BODY_HEATER2B)
  (net 8 "Net-(C17-Pad1)")
  (net 9 "Net-(C18-Pad1)")
  (net 10 "Net-(C19-Pad2)")
  (net 11 "Net-(C20-Pad1)")
  (net 12 "Net-(C21-Pad1)")
  (net 13 "Net-(C24-Pad1)")
  (net 14 /SheetPower/C-)
  (net 15 /SheetPower/BD_SW)
  (net 16 /SheetPower/BD_BOOT)
  (net 17 "Net-(C26-Pad1)")
  (net 18 /SheetPower/BD_FB)
  (net 19 THERM_LID2)
  (net 20 "Net-(J1-Pad26)")
  (net 21 PD_MUX_GPIO1)
  (net 22 SPI_MISO)
  (net 23 /FAN1)
  (net 24 PD_MUX_GPIO5)
  (net 25 GPIO7)
  (net 26 LED_PWM)
  (net 27 /FAN2)
  (net 28 SPI_SWITCH)
  (net 29 "Net-(J1-Pad17)")
  (net 30 THERM_AIR)
  (net 31 /LID_HEATER2)
  (net 32 /WELL_HEATER1)
  (net 33 THERM_LID1)
  (net 34 GPIO25)
  (net 35 SPI_MOSI)
  (net 36 PD_MUX_GPIO4)
  (net 37 /LID_HEATER1)
  (net 38 "Net-(J1-Pad28)")
  (net 39 "Net-(J1-Pad27)")
  (net 40 PD_MUX_GPIO3?)
  (net 41 /WELL_HEATER2)
  (net 42 ADC_DRDY)
  (net 43 SPI_SCLK)
  (net 44 /3V3_RASP)
  (net 45 I2C_SCL)
  (net 46 PD_MUX_GPIO2?)
  (net 47 LED_LAT)
  (net 48 I2C_SDA)
  (net 49 THERM_EXT2)
  (net 50 THERM_EXT1)
  (net 51 /VCC_THERM)
  (net 52 /VCC_LOGIC_LED)
  (net 53 /VCC_LOGIC_PHOTO)
  (net 54 "Net-(J9-Pad21)")
  (net 55 "Net-(J9-Pad20)")
  (net 56 "Net-(J9-Pad14)")
  (net 57 "Net-(J9-Pad1)")
  (net 58 "Net-(J9-Pad9)")
  (net 59 "Net-(J9-Pad8)")
  (net 60 PD_MUX_SPI_MOSI)
  (net 61 PD_MUX_GPIO2)
  (net 62 PD_MUX_GPIO3)
  (net 63 LED_SPI_MOSI)
  (net 64 LID_HEATER2B)
  (net 65 LID_HEATER1B)
  (net 66 PD_REF_PWM)
  (net 67 "Net-(Q1-Pad1)")
  (net 68 "Net-(Q2-Pad1)")
  (net 69 "Net-(Q3-Pad1)")
  (net 70 "Net-(Q4-Pad1)")
  (net 71 "Net-(Q5-Pad1)")
  (net 72 "Net-(Q6-Pad1)")
  (net 73 /SheetPower/ADJ+)
  (net 74 "Net-(R23-Pad2)")
  (net 75 /SheetPower/ADJ-)
  (net 76 "Net-(U1-Pad5)")
  (net 77 "Net-(U2-Pad7)")
  (net 78 "Net-(U2-Pad3)")
  (net 79 "Net-(U4-Pad9)")
  (net 80 "Net-(U4-Pad8)")
  (net 81 "Net-(U4-Pad2)")
  (net 82 "Net-(U5-Pad4)")
  (net 83 VCC_LOGIC)
  (net 84 /SheetSPI/SPI_SWITCH_INV)
  (net 85 "Net-(U6-Pad1)")
  (net 86 12V)
  (net 87 3V3_SENSE)
  (net 88 5V)
  (net 89 +10V)
  (net 90 3V3_REG)
  (net 91 -10V)

  (net_class Default "This is the default net class."
    (clearance 0.2)
    (trace_width 0.25)
    (via_dia 0.8)
    (via_drill 0.4)
    (uvia_dia 0.3)
    (uvia_drill 0.1)
    (add_net +10V)
    (add_net -10V)
    (add_net /3V3_RASP)
    (add_net /FAN1)
    (add_net /FAN2)
    (add_net /LID_HEATER1)
    (add_net /LID_HEATER2)
    (add_net /SheetPower/ADJ+)
    (add_net /SheetPower/ADJ-)
    (add_net /SheetPower/BD_BOOT)
    (add_net /SheetPower/BD_FB)
    (add_net /SheetPower/BD_SW)
    (add_net /SheetPower/C-)
    (add_net /SheetSPI/SPI_SWITCH_INV)
    (add_net /VCC_LOGIC_LED)
    (add_net /VCC_LOGIC_PHOTO)
    (add_net /VCC_THERM)
    (add_net /WELL_HEATER1)
    (add_net /WELL_HEATER2)
    (add_net 12V)
    (add_net 3V3_REG)
    (add_net 3V3_SENSE)
    (add_net 5V)
    (add_net ADC_DRDY)
    (add_net BODY_HEATER1B)
    (add_net BODY_HEATER2B)
    (add_net FAN_BLACK_GND1)
    (add_net FAN_BLACK_GND2)
    (add_net GND)
    (add_net GPIO25)
    (add_net GPIO7)
    (add_net I2C_SCL)
    (add_net I2C_SDA)
    (add_net LED_LAT)
    (add_net LED_PWM)
    (add_net LED_SPI_MOSI)
    (add_net LID_HEATER1B)
    (add_net LID_HEATER2B)
    (add_net "Net-(C17-Pad1)")
    (add_net "Net-(C18-Pad1)")
    (add_net "Net-(C19-Pad2)")
    (add_net "Net-(C20-Pad1)")
    (add_net "Net-(C21-Pad1)")
    (add_net "Net-(C24-Pad1)")
    (add_net "Net-(C26-Pad1)")
    (add_net "Net-(J1-Pad17)")
    (add_net "Net-(J1-Pad26)")
    (add_net "Net-(J1-Pad27)")
    (add_net "Net-(J1-Pad28)")
    (add_net "Net-(J9-Pad1)")
    (add_net "Net-(J9-Pad14)")
    (add_net "Net-(J9-Pad20)")
    (add_net "Net-(J9-Pad21)")
    (add_net "Net-(J9-Pad8)")
    (add_net "Net-(J9-Pad9)")
    (add_net "Net-(Q1-Pad1)")
    (add_net "Net-(Q2-Pad1)")
    (add_net "Net-(Q3-Pad1)")
    (add_net "Net-(Q4-Pad1)")
    (add_net "Net-(Q5-Pad1)")
    (add_net "Net-(Q6-Pad1)")
    (add_net "Net-(R23-Pad2)")
    (add_net "Net-(U1-Pad5)")
    (add_net "Net-(U2-Pad3)")
    (add_net "Net-(U2-Pad7)")
    (add_net "Net-(U4-Pad2)")
    (add_net "Net-(U4-Pad8)")
    (add_net "Net-(U4-Pad9)")
    (add_net "Net-(U5-Pad4)")
    (add_net "Net-(U6-Pad1)")
    (add_net PD_MUX_GPIO1)
    (add_net PD_MUX_GPIO2)
    (add_net PD_MUX_GPIO2?)
    (add_net PD_MUX_GPIO3)
    (add_net PD_MUX_GPIO3?)
    (add_net PD_MUX_GPIO4)
    (add_net PD_MUX_GPIO5)
    (add_net PD_MUX_SPI_MOSI)
    (add_net PD_REF_PWM)
    (add_net SPI_MISO)
    (add_net SPI_MOSI)
    (add_net SPI_SCLK)
    (add_net SPI_SWITCH)
    (add_net THERM_AIR)
    (add_net THERM_EXT1)
    (add_net THERM_EXT2)
    (add_net THERM_EXT3)
    (add_net THERM_LID1)
    (add_net THERM_LID2)
    (add_net THERM_WELL)
    (add_net VCC_LOGIC)
  )

  (net_class 12V ""
    (clearance 0.2)
    (trace_width 1.27)
    (via_dia 1.5366)
    (via_drill 0.4)
    (uvia_dia 0.3)
    (uvia_drill 0.1)
  )

  (net_class 5V ""
    (clearance 0.2)
    (trace_width 0.508)
    (via_dia 1.2826)
    (via_drill 0.4)
    (uvia_dia 0.3)
    (uvia_drill 0.1)
  )

  (module Ninja-qPCR:Con_2x05 (layer F.Cu) (tedit 5F583882) (tstamp 5F61E1CC)
    (at 177.673 35.306)
    (descr "Through hole straight pin header, 2x05, 2.54mm pitch, double rows")
    (tags "Through hole pin header THT 2x05 2.54mm double row")
    (path /5F7E3B97)
    (fp_text reference BODY1 (at 1.27 -2.33) (layer F.SilkS)
      (effects (font (size 1 1) (thickness 0.15)))
    )
    (fp_text value Conn_02x05 (at 1.27 12.49) (layer F.Fab)
      (effects (font (size 1 1) (thickness 0.15)))
    )
    (fp_line (start -2.5 6.5) (end -1.33 6.5) (layer F.SilkS) (width 0.12))
    (fp_line (start -2.5 3.5) (end -2.5 6.5) (layer F.SilkS) (width 0.12))
    (fp_line (start -1.33 3.5) (end -2.5 3.5) (layer F.SilkS) (width 0.12))
    (fp_line (start 0 -1.27) (end 3.81 -1.27) (layer F.Fab) (width 0.1))
    (fp_line (start 3.81 -1.27) (end 3.81 11.43) (layer F.Fab) (width 0.1))
    (fp_line (start 3.81 11.43) (end -1.27 11.43) (layer F.Fab) (width 0.1))
    (fp_line (start -1.27 11.43) (end -1.27 0) (layer F.Fab) (width 0.1))
    (fp_line (start -1.27 0) (end 0 -1.27) (layer F.Fab) (width 0.1))
    (fp_line (start -1.33 11.49) (end 3.87 11.49) (layer F.SilkS) (width 0.12))
    (fp_line (start -1.33 1.27) (end -1.33 11.49) (layer F.SilkS) (width 0.12))
    (fp_line (start 3.87 -1.33) (end 3.87 11.49) (layer F.SilkS) (width 0.12))
    (fp_line (start -1.33 1.27) (end 1.27 1.27) (layer F.SilkS) (width 0.12))
    (fp_line (start 1.27 1.27) (end 1.27 -1.33) (layer F.SilkS) (width 0.12))
    (fp_line (start 1.27 -1.33) (end 3.87 -1.33) (layer F.SilkS) (width 0.12))
    (fp_line (start -1.33 0) (end -1.33 -1.33) (layer F.SilkS) (width 0.12))
    (fp_line (start -1.33 -1.33) (end 0 -1.33) (layer F.SilkS) (width 0.12))
    (fp_line (start -1.8 -1.8) (end -1.8 11.95) (layer F.CrtYd) (width 0.05))
    (fp_line (start -1.8 11.95) (end 4.35 11.95) (layer F.CrtYd) (width 0.05))
    (fp_line (start 4.35 11.95) (end 4.35 -1.8) (layer F.CrtYd) (width 0.05))
    (fp_line (start 4.35 -1.8) (end -1.8 -1.8) (layer F.CrtYd) (width 0.05))
    (fp_text user %R (at 1.27 5.08 90) (layer F.Fab)
      (effects (font (size 1 1) (thickness 0.15)))
    )
    (pad 10 thru_hole oval (at 2.54 10.16) (size 1.7 1.7) (drill 1) (layers *.Cu *.Mask)
      (net 7 BODY_HEATER2B))
    (pad 9 thru_hole oval (at 0 10.16) (size 1.7 1.7) (drill 1) (layers *.Cu *.Mask)
      (net 86 12V))
    (pad 8 thru_hole oval (at 2.54 7.62) (size 1.7 1.7) (drill 1) (layers *.Cu *.Mask)
      (net 6 THERM_EXT3))
    (pad 7 thru_hole oval (at 0 7.62) (size 1.7 1.7) (drill 1) (layers *.Cu *.Mask)
      (net 5 FAN_BLACK_GND2))
    (pad 6 thru_hole oval (at 2.54 5.08) (size 1.7 1.7) (drill 1) (layers *.Cu *.Mask)
      (net 4 GND))
    (pad 5 thru_hole oval (at 0 5.08) (size 1.7 1.7) (drill 1) (layers *.Cu *.Mask)
      (net 86 12V))
    (pad 4 thru_hole oval (at 2.54 2.54) (size 1.7 1.7) (drill 1) (layers *.Cu *.Mask)
      (net 3 FAN_BLACK_GND1))
    (pad 3 thru_hole oval (at 0 2.54) (size 1.7 1.7) (drill 1) (layers *.Cu *.Mask)
      (net 2 THERM_WELL))
    (pad 2 thru_hole oval (at 2.54 0) (size 1.7 1.7) (drill 1) (layers *.Cu *.Mask)
      (net 1 BODY_HEATER1B))
    (pad 1 thru_hole rect (at 0 0) (size 1.7 1.7) (drill 1) (layers *.Cu *.Mask)
      (net 86 12V))
    (model ${KISYS3DMOD}/Pin_Headers.3dshapes/Pin_Header_Straight_2x05_Pitch2.54mm.wrl
      (at (xyz 0 0 0))
      (scale (xyz 1 1 1))
      (rotate (xyz 0 0 0))
    )
  )

  (module Capacitors_SMD:CP_Elec_6.3x5.8 (layer F.Cu) (tedit 58AA8B59) (tstamp 5F6226EE)
    (at 101.2698 116.586 270)
    (descr "SMT capacitor, aluminium electrolytic, 6.3x5.8")
    (path /5F7093B5/5F68B81E)
    (attr smd)
    (fp_text reference C1 (at 0 4.56 90) (layer F.SilkS)
      (effects (font (size 1 1) (thickness 0.15)))
    )
    (fp_text value 100uF (at 0 -4.56 90) (layer F.Fab)
      (effects (font (size 1 1) (thickness 0.15)))
    )
    (fp_text user %R (at 0 4.56 90) (layer F.Fab)
      (effects (font (size 1 1) (thickness 0.15)))
    )
    (fp_text user + (at -4.28 3.01 90) (layer F.SilkS)
      (effects (font (size 1 1) (thickness 0.15)))
    )
    (fp_text user + (at -1.75 -0.08 90) (layer F.Fab)
      (effects (font (size 1 1) (thickness 0.15)))
    )
    (fp_circle (center 0 0) (end 0.5 3) (layer F.Fab) (width 0.1))
    (fp_line (start 3.15 3.15) (end 3.15 -3.15) (layer F.Fab) (width 0.1))
    (fp_line (start -2.48 3.15) (end 3.15 3.15) (layer F.Fab) (width 0.1))
    (fp_line (start -3.15 2.48) (end -2.48 3.15) (layer F.Fab) (width 0.1))
    (fp_line (start -3.15 -2.48) (end -3.15 2.48) (layer F.Fab) (width 0.1))
    (fp_line (start -2.48 -3.15) (end -3.15 -2.48) (layer F.Fab) (width 0.1))
    (fp_line (start 3.15 -3.15) (end -2.48 -3.15) (layer F.Fab) (width 0.1))
    (fp_line (start 3.3 3.3) (end 3.3 1.12) (layer F.SilkS) (width 0.12))
    (fp_line (start 3.3 -3.3) (end 3.3 -1.12) (layer F.SilkS) (width 0.12))
    (fp_line (start -3.3 2.54) (end -3.3 1.12) (layer F.SilkS) (width 0.12))
    (fp_line (start -3.3 -2.54) (end -3.3 -1.12) (layer F.SilkS) (width 0.12))
    (fp_line (start 3.3 3.3) (end -2.54 3.3) (layer F.SilkS) (width 0.12))
    (fp_line (start -2.54 3.3) (end -3.3 2.54) (layer F.SilkS) (width 0.12))
    (fp_line (start -3.3 -2.54) (end -2.54 -3.3) (layer F.SilkS) (width 0.12))
    (fp_line (start -2.54 -3.3) (end 3.3 -3.3) (layer F.SilkS) (width 0.12))
    (fp_line (start -4.7 -3.4) (end 4.7 -3.4) (layer F.CrtYd) (width 0.05))
    (fp_line (start -4.7 -3.4) (end -4.7 3.4) (layer F.CrtYd) (width 0.05))
    (fp_line (start 4.7 3.4) (end 4.7 -3.4) (layer F.CrtYd) (width 0.05))
    (fp_line (start 4.7 3.4) (end -4.7 3.4) (layer F.CrtYd) (width 0.05))
    (pad 2 smd rect (at 2.7 0 90) (size 3.5 1.6) (layers F.Cu F.Paste F.Mask)
      (net 4 GND))
    (pad 1 smd rect (at -2.7 0 90) (size 3.5 1.6) (layers F.Cu F.Paste F.Mask)
      (net 86 12V))
    (model Capacitors_SMD.3dshapes/CP_Elec_6.3x5.8.wrl
      (at (xyz 0 0 0))
      (scale (xyz 1 1 1))
      (rotate (xyz 0 0 180))
    )
  )

  (module Capacitors_SMD:CP_Elec_6.3x5.8 (layer F.Cu) (tedit 58AA8B59) (tstamp 5F616427)
    (at 224.38868 178.15814 90)
    (descr "SMT capacitor, aluminium electrolytic, 6.3x5.8")
    (path /5F7093B5/5FF08C36)
    (attr smd)
    (fp_text reference C2 (at 0 4.56 90) (layer F.SilkS)
      (effects (font (size 1 1) (thickness 0.15)))
    )
    (fp_text value 100uF (at 0 -4.56 90) (layer F.Fab)
      (effects (font (size 1 1) (thickness 0.15)))
    )
    (fp_line (start 4.7 3.4) (end -4.7 3.4) (layer F.CrtYd) (width 0.05))
    (fp_line (start 4.7 3.4) (end 4.7 -3.4) (layer F.CrtYd) (width 0.05))
    (fp_line (start -4.7 -3.4) (end -4.7 3.4) (layer F.CrtYd) (width 0.05))
    (fp_line (start -4.7 -3.4) (end 4.7 -3.4) (layer F.CrtYd) (width 0.05))
    (fp_line (start -2.54 -3.3) (end 3.3 -3.3) (layer F.SilkS) (width 0.12))
    (fp_line (start -3.3 -2.54) (end -2.54 -3.3) (layer F.SilkS) (width 0.12))
    (fp_line (start -2.54 3.3) (end -3.3 2.54) (layer F.SilkS) (width 0.12))
    (fp_line (start 3.3 3.3) (end -2.54 3.3) (layer F.SilkS) (width 0.12))
    (fp_line (start -3.3 -2.54) (end -3.3 -1.12) (layer F.SilkS) (width 0.12))
    (fp_line (start -3.3 2.54) (end -3.3 1.12) (layer F.SilkS) (width 0.12))
    (fp_line (start 3.3 -3.3) (end 3.3 -1.12) (layer F.SilkS) (width 0.12))
    (fp_line (start 3.3 3.3) (end 3.3 1.12) (layer F.SilkS) (width 0.12))
    (fp_line (start 3.15 -3.15) (end -2.48 -3.15) (layer F.Fab) (width 0.1))
    (fp_line (start -2.48 -3.15) (end -3.15 -2.48) (layer F.Fab) (width 0.1))
    (fp_line (start -3.15 -2.48) (end -3.15 2.48) (layer F.Fab) (width 0.1))
    (fp_line (start -3.15 2.48) (end -2.48 3.15) (layer F.Fab) (width 0.1))
    (fp_line (start -2.48 3.15) (end 3.15 3.15) (layer F.Fab) (width 0.1))
    (fp_line (start 3.15 3.15) (end 3.15 -3.15) (layer F.Fab) (width 0.1))
    (fp_circle (center 0 0) (end 0.5 3) (layer F.Fab) (width 0.1))
    (fp_text user + (at -1.75 -0.08 90) (layer F.Fab)
      (effects (font (size 1 1) (thickness 0.15)))
    )
    (fp_text user + (at -4.28 3.01 90) (layer F.SilkS)
      (effects (font (size 1 1) (thickness 0.15)))
    )
    (fp_text user %R (at 0 4.56 90) (layer F.Fab)
      (effects (font (size 1 1) (thickness 0.15)))
    )
    (pad 1 smd rect (at -2.7 0 270) (size 3.5 1.6) (layers F.Cu F.Paste F.Mask)
      (net 86 12V))
    (pad 2 smd rect (at 2.7 0 270) (size 3.5 1.6) (layers F.Cu F.Paste F.Mask)
      (net 4 GND))
    (model Capacitors_SMD.3dshapes/CP_Elec_6.3x5.8.wrl
      (at (xyz 0 0 0))
      (scale (xyz 1 1 1))
      (rotate (xyz 0 0 180))
    )
  )

  (module Capacitors_SMD:C_0805_HandSoldering (layer F.Cu) (tedit 58AA84A8) (tstamp 5F614425)
    (at 125.222 200.513 90)
    (descr "Capacitor SMD 0805, hand soldering")
    (tags "capacitor 0805")
    (path /5F7093B5/5F62F251)
    (attr smd)
    (fp_text reference C3 (at 0 -1.75 90) (layer F.SilkS)
      (effects (font (size 1 1) (thickness 0.15)))
    )
    (fp_text value 22uF (at 0 1.75 90) (layer F.Fab)
      (effects (font (size 1 1) (thickness 0.15)))
    )
    (fp_text user %R (at 0 -1.75 90) (layer F.Fab)
      (effects (font (size 1 1) (thickness 0.15)))
    )
    (fp_line (start -1 0.62) (end -1 -0.62) (layer F.Fab) (width 0.1))
    (fp_line (start 1 0.62) (end -1 0.62) (layer F.Fab) (width 0.1))
    (fp_line (start 1 -0.62) (end 1 0.62) (layer F.Fab) (width 0.1))
    (fp_line (start -1 -0.62) (end 1 -0.62) (layer F.Fab) (width 0.1))
    (fp_line (start 0.5 -0.85) (end -0.5 -0.85) (layer F.SilkS) (width 0.12))
    (fp_line (start -0.5 0.85) (end 0.5 0.85) (layer F.SilkS) (width 0.12))
    (fp_line (start -2.25 -0.88) (end 2.25 -0.88) (layer F.CrtYd) (width 0.05))
    (fp_line (start -2.25 -0.88) (end -2.25 0.87) (layer F.CrtYd) (width 0.05))
    (fp_line (start 2.25 0.87) (end 2.25 -0.88) (layer F.CrtYd) (width 0.05))
    (fp_line (start 2.25 0.87) (end -2.25 0.87) (layer F.CrtYd) (width 0.05))
    (pad 2 smd rect (at 1.25 0 90) (size 1.5 1.25) (layers F.Cu F.Paste F.Mask)
      (net 4 GND))
    (pad 1 smd rect (at -1.25 0 90) (size 1.5 1.25) (layers F.Cu F.Paste F.Mask)
      (net 86 12V))
    (model Capacitors_SMD.3dshapes/C_0805.wrl
      (at (xyz 0 0 0))
      (scale (xyz 1 1 1))
      (rotate (xyz 0 0 0))
    )
  )

  (module Capacitors_SMD:CP_Elec_6.3x5.8 (layer F.Cu) (tedit 58AA8B59) (tstamp 5F614441)
    (at 108.3056 109.982)
    (descr "SMT capacitor, aluminium electrolytic, 6.3x5.8")
    (path /5F7093B5/5FFEEF91)
    (attr smd)
    (fp_text reference C4 (at 0 4.56) (layer F.SilkS)
      (effects (font (size 1 1) (thickness 0.15)))
    )
    (fp_text value 100uF (at 0 -4.56) (layer F.Fab)
      (effects (font (size 1 1) (thickness 0.15)))
    )
    (fp_line (start 4.7 3.4) (end -4.7 3.4) (layer F.CrtYd) (width 0.05))
    (fp_line (start 4.7 3.4) (end 4.7 -3.4) (layer F.CrtYd) (width 0.05))
    (fp_line (start -4.7 -3.4) (end -4.7 3.4) (layer F.CrtYd) (width 0.05))
    (fp_line (start -4.7 -3.4) (end 4.7 -3.4) (layer F.CrtYd) (width 0.05))
    (fp_line (start -2.54 -3.3) (end 3.3 -3.3) (layer F.SilkS) (width 0.12))
    (fp_line (start -3.3 -2.54) (end -2.54 -3.3) (layer F.SilkS) (width 0.12))
    (fp_line (start -2.54 3.3) (end -3.3 2.54) (layer F.SilkS) (width 0.12))
    (fp_line (start 3.3 3.3) (end -2.54 3.3) (layer F.SilkS) (width 0.12))
    (fp_line (start -3.3 -2.54) (end -3.3 -1.12) (layer F.SilkS) (width 0.12))
    (fp_line (start -3.3 2.54) (end -3.3 1.12) (layer F.SilkS) (width 0.12))
    (fp_line (start 3.3 -3.3) (end 3.3 -1.12) (layer F.SilkS) (width 0.12))
    (fp_line (start 3.3 3.3) (end 3.3 1.12) (layer F.SilkS) (width 0.12))
    (fp_line (start 3.15 -3.15) (end -2.48 -3.15) (layer F.Fab) (width 0.1))
    (fp_line (start -2.48 -3.15) (end -3.15 -2.48) (layer F.Fab) (width 0.1))
    (fp_line (start -3.15 -2.48) (end -3.15 2.48) (layer F.Fab) (width 0.1))
    (fp_line (start -3.15 2.48) (end -2.48 3.15) (layer F.Fab) (width 0.1))
    (fp_line (start -2.48 3.15) (end 3.15 3.15) (layer F.Fab) (width 0.1))
    (fp_line (start 3.15 3.15) (end 3.15 -3.15) (layer F.Fab) (width 0.1))
    (fp_circle (center 0 0) (end 0.5 3) (layer F.Fab) (width 0.1))
    (fp_text user + (at -1.75 -0.08) (layer F.Fab)
      (effects (font (size 1 1) (thickness 0.15)))
    )
    (fp_text user + (at -4.28 3.01) (layer F.SilkS)
      (effects (font (size 1 1) (thickness 0.15)))
    )
    (fp_text user %R (at 0 4.56) (layer F.Fab)
      (effects (font (size 1 1) (thickness 0.15)))
    )
    (pad 1 smd rect (at -2.7 0 180) (size 3.5 1.6) (layers F.Cu F.Paste F.Mask)
      (net 86 12V))
    (pad 2 smd rect (at 2.7 0 180) (size 3.5 1.6) (layers F.Cu F.Paste F.Mask)
      (net 4 GND))
    (model Capacitors_SMD.3dshapes/CP_Elec_6.3x5.8.wrl
      (at (xyz 0 0 0))
      (scale (xyz 1 1 1))
      (rotate (xyz 0 0 180))
    )
  )

  (module Capacitors_SMD:C_0805_HandSoldering (layer F.Cu) (tedit 58AA84A8) (tstamp 5F614452)
    (at 223.11868 169.26814 90)
    (descr "Capacitor SMD 0805, hand soldering")
    (tags "capacitor 0805")
    (path /5F7093B5/5FF001B4)
    (attr smd)
    (fp_text reference C5 (at 0 -1.75 90) (layer F.SilkS)
      (effects (font (size 1 1) (thickness 0.15)))
    )
    (fp_text value 22uF (at 0 1.75 90) (layer F.Fab)
      (effects (font (size 1 1) (thickness 0.15)))
    )
    (fp_line (start 2.25 0.87) (end -2.25 0.87) (layer F.CrtYd) (width 0.05))
    (fp_line (start 2.25 0.87) (end 2.25 -0.88) (layer F.CrtYd) (width 0.05))
    (fp_line (start -2.25 -0.88) (end -2.25 0.87) (layer F.CrtYd) (width 0.05))
    (fp_line (start -2.25 -0.88) (end 2.25 -0.88) (layer F.CrtYd) (width 0.05))
    (fp_line (start -0.5 0.85) (end 0.5 0.85) (layer F.SilkS) (width 0.12))
    (fp_line (start 0.5 -0.85) (end -0.5 -0.85) (layer F.SilkS) (width 0.12))
    (fp_line (start -1 -0.62) (end 1 -0.62) (layer F.Fab) (width 0.1))
    (fp_line (start 1 -0.62) (end 1 0.62) (layer F.Fab) (width 0.1))
    (fp_line (start 1 0.62) (end -1 0.62) (layer F.Fab) (width 0.1))
    (fp_line (start -1 0.62) (end -1 -0.62) (layer F.Fab) (width 0.1))
    (fp_text user %R (at 0 -1.75 90) (layer F.Fab)
      (effects (font (size 1 1) (thickness 0.15)))
    )
    (pad 1 smd rect (at -1.25 0 90) (size 1.5 1.25) (layers F.Cu F.Paste F.Mask)
      (net 86 12V))
    (pad 2 smd rect (at 1.25 0 90) (size 1.5 1.25) (layers F.Cu F.Paste F.Mask)
      (net 4 GND))
    (model Capacitors_SMD.3dshapes/C_0805.wrl
      (at (xyz 0 0 0))
      (scale (xyz 1 1 1))
      (rotate (xyz 0 0 0))
    )
  )

  (module Capacitors_SMD:C_0805_HandSoldering (layer F.Cu) (tedit 58AA84A8) (tstamp 5F614463)
    (at 129.032 200.513 90)
    (descr "Capacitor SMD 0805, hand soldering")
    (tags "capacitor 0805")
    (path /5F7093B5/5F62F266)
    (attr smd)
    (fp_text reference C6 (at 0 -1.75 90) (layer F.SilkS)
      (effects (font (size 1 1) (thickness 0.15)))
    )
    (fp_text value 22uF (at 0 1.75 90) (layer F.Fab)
      (effects (font (size 1 1) (thickness 0.15)))
    )
    (fp_line (start 2.25 0.87) (end -2.25 0.87) (layer F.CrtYd) (width 0.05))
    (fp_line (start 2.25 0.87) (end 2.25 -0.88) (layer F.CrtYd) (width 0.05))
    (fp_line (start -2.25 -0.88) (end -2.25 0.87) (layer F.CrtYd) (width 0.05))
    (fp_line (start -2.25 -0.88) (end 2.25 -0.88) (layer F.CrtYd) (width 0.05))
    (fp_line (start -0.5 0.85) (end 0.5 0.85) (layer F.SilkS) (width 0.12))
    (fp_line (start 0.5 -0.85) (end -0.5 -0.85) (layer F.SilkS) (width 0.12))
    (fp_line (start -1 -0.62) (end 1 -0.62) (layer F.Fab) (width 0.1))
    (fp_line (start 1 -0.62) (end 1 0.62) (layer F.Fab) (width 0.1))
    (fp_line (start 1 0.62) (end -1 0.62) (layer F.Fab) (width 0.1))
    (fp_line (start -1 0.62) (end -1 -0.62) (layer F.Fab) (width 0.1))
    (fp_text user %R (at 0 -1.75 90) (layer F.Fab)
      (effects (font (size 1 1) (thickness 0.15)))
    )
    (pad 1 smd rect (at -1.25 0 90) (size 1.5 1.25) (layers F.Cu F.Paste F.Mask)
      (net 86 12V))
    (pad 2 smd rect (at 1.25 0 90) (size 1.5 1.25) (layers F.Cu F.Paste F.Mask)
      (net 4 GND))
    (model Capacitors_SMD.3dshapes/C_0805.wrl
      (at (xyz 0 0 0))
      (scale (xyz 1 1 1))
      (rotate (xyz 0 0 0))
    )
  )

  (module Capacitors_SMD:C_0805_HandSoldering (layer F.Cu) (tedit 58AA84A8) (tstamp 5F614474)
    (at 101.1428 109.1384 270)
    (descr "Capacitor SMD 0805, hand soldering")
    (tags "capacitor 0805")
    (path /5F7093B5/5FFEEF1B)
    (attr smd)
    (fp_text reference C7 (at 0 -1.75 90) (layer F.SilkS)
      (effects (font (size 1 1) (thickness 0.15)))
    )
    (fp_text value 10uF (at 0 1.75 90) (layer F.Fab)
      (effects (font (size 1 1) (thickness 0.15)))
    )
    (fp_line (start 2.25 0.87) (end -2.25 0.87) (layer F.CrtYd) (width 0.05))
    (fp_line (start 2.25 0.87) (end 2.25 -0.88) (layer F.CrtYd) (width 0.05))
    (fp_line (start -2.25 -0.88) (end -2.25 0.87) (layer F.CrtYd) (width 0.05))
    (fp_line (start -2.25 -0.88) (end 2.25 -0.88) (layer F.CrtYd) (width 0.05))
    (fp_line (start -0.5 0.85) (end 0.5 0.85) (layer F.SilkS) (width 0.12))
    (fp_line (start 0.5 -0.85) (end -0.5 -0.85) (layer F.SilkS) (width 0.12))
    (fp_line (start -1 -0.62) (end 1 -0.62) (layer F.Fab) (width 0.1))
    (fp_line (start 1 -0.62) (end 1 0.62) (layer F.Fab) (width 0.1))
    (fp_line (start 1 0.62) (end -1 0.62) (layer F.Fab) (width 0.1))
    (fp_line (start -1 0.62) (end -1 -0.62) (layer F.Fab) (width 0.1))
    (fp_text user %R (at 0 -1.75 90) (layer F.Fab)
      (effects (font (size 1 1) (thickness 0.15)))
    )
    (pad 1 smd rect (at -1.25 0 270) (size 1.5 1.25) (layers F.Cu F.Paste F.Mask)
      (net 86 12V))
    (pad 2 smd rect (at 1.25 0 270) (size 1.5 1.25) (layers F.Cu F.Paste F.Mask)
      (net 4 GND))
    (model Capacitors_SMD.3dshapes/C_0805.wrl
      (at (xyz 0 0 0))
      (scale (xyz 1 1 1))
      (rotate (xyz 0 0 0))
    )
  )

  (module Capacitors_SMD:C_0805_HandSoldering (layer F.Cu) (tedit 58AA84A8) (tstamp 5F614485)
    (at 223.11868 164.20814 90)
    (descr "Capacitor SMD 0805, hand soldering")
    (tags "capacitor 0805")
    (path /5F7093B5/5FF03A36)
    (attr smd)
    (fp_text reference C8 (at 0 -1.75 90) (layer F.SilkS)
      (effects (font (size 1 1) (thickness 0.15)))
    )
    (fp_text value 10uF (at 0 1.75 90) (layer F.Fab)
      (effects (font (size 1 1) (thickness 0.15)))
    )
    (fp_text user %R (at 0 -1.75 90) (layer F.Fab)
      (effects (font (size 1 1) (thickness 0.15)))
    )
    (fp_line (start -1 0.62) (end -1 -0.62) (layer F.Fab) (width 0.1))
    (fp_line (start 1 0.62) (end -1 0.62) (layer F.Fab) (width 0.1))
    (fp_line (start 1 -0.62) (end 1 0.62) (layer F.Fab) (width 0.1))
    (fp_line (start -1 -0.62) (end 1 -0.62) (layer F.Fab) (width 0.1))
    (fp_line (start 0.5 -0.85) (end -0.5 -0.85) (layer F.SilkS) (width 0.12))
    (fp_line (start -0.5 0.85) (end 0.5 0.85) (layer F.SilkS) (width 0.12))
    (fp_line (start -2.25 -0.88) (end 2.25 -0.88) (layer F.CrtYd) (width 0.05))
    (fp_line (start -2.25 -0.88) (end -2.25 0.87) (layer F.CrtYd) (width 0.05))
    (fp_line (start 2.25 0.87) (end 2.25 -0.88) (layer F.CrtYd) (width 0.05))
    (fp_line (start 2.25 0.87) (end -2.25 0.87) (layer F.CrtYd) (width 0.05))
    (pad 2 smd rect (at 1.25 0 90) (size 1.5 1.25) (layers F.Cu F.Paste F.Mask)
      (net 4 GND))
    (pad 1 smd rect (at -1.25 0 90) (size 1.5 1.25) (layers F.Cu F.Paste F.Mask)
      (net 86 12V))
    (model Capacitors_SMD.3dshapes/C_0805.wrl
      (at (xyz 0 0 0))
      (scale (xyz 1 1 1))
      (rotate (xyz 0 0 0))
    )
  )

  (module Capacitors_SMD:C_0805_HandSoldering (layer F.Cu) (tedit 58AA84A8) (tstamp 5F614496)
    (at 125.222 195.433 90)
    (descr "Capacitor SMD 0805, hand soldering")
    (tags "capacitor 0805")
    (path /5F7093B5/5F62F27B)
    (attr smd)
    (fp_text reference C9 (at 0 -1.75 90) (layer F.SilkS)
      (effects (font (size 1 1) (thickness 0.15)))
    )
    (fp_text value 0.1uF (at 0 1.75 90) (layer F.Fab)
      (effects (font (size 1 1) (thickness 0.15)))
    )
    (fp_text user %R (at 0 -1.75 90) (layer F.Fab)
      (effects (font (size 1 1) (thickness 0.15)))
    )
    (fp_line (start -1 0.62) (end -1 -0.62) (layer F.Fab) (width 0.1))
    (fp_line (start 1 0.62) (end -1 0.62) (layer F.Fab) (width 0.1))
    (fp_line (start 1 -0.62) (end 1 0.62) (layer F.Fab) (width 0.1))
    (fp_line (start -1 -0.62) (end 1 -0.62) (layer F.Fab) (width 0.1))
    (fp_line (start 0.5 -0.85) (end -0.5 -0.85) (layer F.SilkS) (width 0.12))
    (fp_line (start -0.5 0.85) (end 0.5 0.85) (layer F.SilkS) (width 0.12))
    (fp_line (start -2.25 -0.88) (end 2.25 -0.88) (layer F.CrtYd) (width 0.05))
    (fp_line (start -2.25 -0.88) (end -2.25 0.87) (layer F.CrtYd) (width 0.05))
    (fp_line (start 2.25 0.87) (end 2.25 -0.88) (layer F.CrtYd) (width 0.05))
    (fp_line (start 2.25 0.87) (end -2.25 0.87) (layer F.CrtYd) (width 0.05))
    (pad 2 smd rect (at 1.25 0 90) (size 1.5 1.25) (layers F.Cu F.Paste F.Mask)
      (net 4 GND))
    (pad 1 smd rect (at -1.25 0 90) (size 1.5 1.25) (layers F.Cu F.Paste F.Mask)
      (net 86 12V))
    (model Capacitors_SMD.3dshapes/C_0805.wrl
      (at (xyz 0 0 0))
      (scale (xyz 1 1 1))
      (rotate (xyz 0 0 0))
    )
  )

  (module Capacitors_SMD:C_0805_HandSoldering (layer F.Cu) (tedit 58AA84A8) (tstamp 5F6144A7)
    (at 99.2886 109.1438 270)
    (descr "Capacitor SMD 0805, hand soldering")
    (tags "capacitor 0805")
    (path /5F7093B5/5FFEEF3B)
    (attr smd)
    (fp_text reference C10 (at 0 -1.75 90) (layer F.SilkS)
      (effects (font (size 1 1) (thickness 0.15)))
    )
    (fp_text value 10uF (at 0 1.75 90) (layer F.Fab)
      (effects (font (size 1 1) (thickness 0.15)))
    )
    (fp_text user %R (at 0 -1.75 90) (layer F.Fab)
      (effects (font (size 1 1) (thickness 0.15)))
    )
    (fp_line (start -1 0.62) (end -1 -0.62) (layer F.Fab) (width 0.1))
    (fp_line (start 1 0.62) (end -1 0.62) (layer F.Fab) (width 0.1))
    (fp_line (start 1 -0.62) (end 1 0.62) (layer F.Fab) (width 0.1))
    (fp_line (start -1 -0.62) (end 1 -0.62) (layer F.Fab) (width 0.1))
    (fp_line (start 0.5 -0.85) (end -0.5 -0.85) (layer F.SilkS) (width 0.12))
    (fp_line (start -0.5 0.85) (end 0.5 0.85) (layer F.SilkS) (width 0.12))
    (fp_line (start -2.25 -0.88) (end 2.25 -0.88) (layer F.CrtYd) (width 0.05))
    (fp_line (start -2.25 -0.88) (end -2.25 0.87) (layer F.CrtYd) (width 0.05))
    (fp_line (start 2.25 0.87) (end 2.25 -0.88) (layer F.CrtYd) (width 0.05))
    (fp_line (start 2.25 0.87) (end -2.25 0.87) (layer F.CrtYd) (width 0.05))
    (pad 2 smd rect (at 1.25 0 270) (size 1.5 1.25) (layers F.Cu F.Paste F.Mask)
      (net 4 GND))
    (pad 1 smd rect (at -1.25 0 270) (size 1.5 1.25) (layers F.Cu F.Paste F.Mask)
      (net 86 12V))
    (model Capacitors_SMD.3dshapes/C_0805.wrl
      (at (xyz 0 0 0))
      (scale (xyz 1 1 1))
      (rotate (xyz 0 0 0))
    )
  )

  (module Capacitors_SMD:C_0805_HandSoldering (layer F.Cu) (tedit 58AA84A8) (tstamp 5F6144B8)
    (at 223.11868 159.08814 90)
    (descr "Capacitor SMD 0805, hand soldering")
    (tags "capacitor 0805")
    (path /5F7093B5/5FF03A56)
    (attr smd)
    (fp_text reference C11 (at 0 -1.75 90) (layer F.SilkS)
      (effects (font (size 1 1) (thickness 0.15)))
    )
    (fp_text value 0.1uF (at 0 1.75 90) (layer F.Fab)
      (effects (font (size 1 1) (thickness 0.15)))
    )
    (fp_line (start 2.25 0.87) (end -2.25 0.87) (layer F.CrtYd) (width 0.05))
    (fp_line (start 2.25 0.87) (end 2.25 -0.88) (layer F.CrtYd) (width 0.05))
    (fp_line (start -2.25 -0.88) (end -2.25 0.87) (layer F.CrtYd) (width 0.05))
    (fp_line (start -2.25 -0.88) (end 2.25 -0.88) (layer F.CrtYd) (width 0.05))
    (fp_line (start -0.5 0.85) (end 0.5 0.85) (layer F.SilkS) (width 0.12))
    (fp_line (start 0.5 -0.85) (end -0.5 -0.85) (layer F.SilkS) (width 0.12))
    (fp_line (start -1 -0.62) (end 1 -0.62) (layer F.Fab) (width 0.1))
    (fp_line (start 1 -0.62) (end 1 0.62) (layer F.Fab) (width 0.1))
    (fp_line (start 1 0.62) (end -1 0.62) (layer F.Fab) (width 0.1))
    (fp_line (start -1 0.62) (end -1 -0.62) (layer F.Fab) (width 0.1))
    (fp_text user %R (at 0 -1.75 90) (layer F.Fab)
      (effects (font (size 1 1) (thickness 0.15)))
    )
    (pad 1 smd rect (at -1.25 0 90) (size 1.5 1.25) (layers F.Cu F.Paste F.Mask)
      (net 86 12V))
    (pad 2 smd rect (at 1.25 0 90) (size 1.5 1.25) (layers F.Cu F.Paste F.Mask)
      (net 4 GND))
    (model Capacitors_SMD.3dshapes/C_0805.wrl
      (at (xyz 0 0 0))
      (scale (xyz 1 1 1))
      (rotate (xyz 0 0 0))
    )
  )

  (module Capacitors_SMD:C_0603_HandSoldering (layer F.Cu) (tedit 58AA848B) (tstamp 5F6144C9)
    (at 129.032 195.133 90)
    (descr "Capacitor SMD 0603, hand soldering")
    (tags "capacitor 0603")
    (path /5F7093B5/5F62F290)
    (attr smd)
    (fp_text reference C12 (at 0 -1.25 90) (layer F.SilkS)
      (effects (font (size 1 1) (thickness 0.15)))
    )
    (fp_text value 0.01uF (at 0 1.5 90) (layer F.Fab)
      (effects (font (size 1 1) (thickness 0.15)))
    )
    (fp_line (start 1.8 0.65) (end -1.8 0.65) (layer F.CrtYd) (width 0.05))
    (fp_line (start 1.8 0.65) (end 1.8 -0.65) (layer F.CrtYd) (width 0.05))
    (fp_line (start -1.8 -0.65) (end -1.8 0.65) (layer F.CrtYd) (width 0.05))
    (fp_line (start -1.8 -0.65) (end 1.8 -0.65) (layer F.CrtYd) (width 0.05))
    (fp_line (start 0.35 0.6) (end -0.35 0.6) (layer F.SilkS) (width 0.12))
    (fp_line (start -0.35 -0.6) (end 0.35 -0.6) (layer F.SilkS) (width 0.12))
    (fp_line (start -0.8 -0.4) (end 0.8 -0.4) (layer F.Fab) (width 0.1))
    (fp_line (start 0.8 -0.4) (end 0.8 0.4) (layer F.Fab) (width 0.1))
    (fp_line (start 0.8 0.4) (end -0.8 0.4) (layer F.Fab) (width 0.1))
    (fp_line (start -0.8 0.4) (end -0.8 -0.4) (layer F.Fab) (width 0.1))
    (fp_text user %R (at 0 -1.25 90) (layer F.Fab)
      (effects (font (size 1 1) (thickness 0.15)))
    )
    (pad 1 smd rect (at -0.95 0 90) (size 1.2 0.75) (layers F.Cu F.Paste F.Mask)
      (net 86 12V))
    (pad 2 smd rect (at 0.95 0 90) (size 1.2 0.75) (layers F.Cu F.Paste F.Mask)
      (net 4 GND))
    (model Capacitors_SMD.3dshapes/C_0603.wrl
      (at (xyz 0 0 0))
      (scale (xyz 1 1 1))
      (rotate (xyz 0 0 0))
    )
  )

  (module Capacitors_SMD:C_0805_HandSoldering (layer F.Cu) (tedit 58AA84A8) (tstamp 5F626096)
    (at 97.4598 109.1438 270)
    (descr "Capacitor SMD 0805, hand soldering")
    (tags "capacitor 0805")
    (path /5F7093B5/5FFEEF5B)
    (attr smd)
    (fp_text reference C13 (at 0 -1.75 90) (layer F.SilkS)
      (effects (font (size 1 1) (thickness 0.15)))
    )
    (fp_text value 0.1uF (at 0 1.75 90) (layer F.Fab)
      (effects (font (size 1 1) (thickness 0.15)))
    )
    (fp_line (start 2.25 0.87) (end -2.25 0.87) (layer F.CrtYd) (width 0.05))
    (fp_line (start 2.25 0.87) (end 2.25 -0.88) (layer F.CrtYd) (width 0.05))
    (fp_line (start -2.25 -0.88) (end -2.25 0.87) (layer F.CrtYd) (width 0.05))
    (fp_line (start -2.25 -0.88) (end 2.25 -0.88) (layer F.CrtYd) (width 0.05))
    (fp_line (start -0.5 0.85) (end 0.5 0.85) (layer F.SilkS) (width 0.12))
    (fp_line (start 0.5 -0.85) (end -0.5 -0.85) (layer F.SilkS) (width 0.12))
    (fp_line (start -1 -0.62) (end 1 -0.62) (layer F.Fab) (width 0.1))
    (fp_line (start 1 -0.62) (end 1 0.62) (layer F.Fab) (width 0.1))
    (fp_line (start 1 0.62) (end -1 0.62) (layer F.Fab) (width 0.1))
    (fp_line (start -1 0.62) (end -1 -0.62) (layer F.Fab) (width 0.1))
    (fp_text user %R (at 0 -1.75 90) (layer F.Fab)
      (effects (font (size 1 1) (thickness 0.15)))
    )
    (pad 1 smd rect (at -1.25 0 270) (size 1.5 1.25) (layers F.Cu F.Paste F.Mask)
      (net 86 12V))
    (pad 2 smd rect (at 1.25 0 270) (size 1.5 1.25) (layers F.Cu F.Paste F.Mask)
      (net 4 GND))
    (model Capacitors_SMD.3dshapes/C_0805.wrl
      (at (xyz 0 0 0))
      (scale (xyz 1 1 1))
      (rotate (xyz 0 0 0))
    )
  )

  (module Capacitors_SMD:C_0603_HandSoldering (layer F.Cu) (tedit 58AA848B) (tstamp 5F6144EB)
    (at 223.11868 154.97814 90)
    (descr "Capacitor SMD 0603, hand soldering")
    (tags "capacitor 0603")
    (path /5F7093B5/5FF06D35)
    (attr smd)
    (fp_text reference C14 (at 0 -1.25 90) (layer F.SilkS)
      (effects (font (size 1 1) (thickness 0.15)))
    )
    (fp_text value 0.01uF (at 0 1.5 90) (layer F.Fab)
      (effects (font (size 1 1) (thickness 0.15)))
    )
    (fp_line (start 1.8 0.65) (end -1.8 0.65) (layer F.CrtYd) (width 0.05))
    (fp_line (start 1.8 0.65) (end 1.8 -0.65) (layer F.CrtYd) (width 0.05))
    (fp_line (start -1.8 -0.65) (end -1.8 0.65) (layer F.CrtYd) (width 0.05))
    (fp_line (start -1.8 -0.65) (end 1.8 -0.65) (layer F.CrtYd) (width 0.05))
    (fp_line (start 0.35 0.6) (end -0.35 0.6) (layer F.SilkS) (width 0.12))
    (fp_line (start -0.35 -0.6) (end 0.35 -0.6) (layer F.SilkS) (width 0.12))
    (fp_line (start -0.8 -0.4) (end 0.8 -0.4) (layer F.Fab) (width 0.1))
    (fp_line (start 0.8 -0.4) (end 0.8 0.4) (layer F.Fab) (width 0.1))
    (fp_line (start 0.8 0.4) (end -0.8 0.4) (layer F.Fab) (width 0.1))
    (fp_line (start -0.8 0.4) (end -0.8 -0.4) (layer F.Fab) (width 0.1))
    (fp_text user %R (at 0 -1.25 90) (layer F.Fab)
      (effects (font (size 1 1) (thickness 0.15)))
    )
    (pad 1 smd rect (at -0.95 0 90) (size 1.2 0.75) (layers F.Cu F.Paste F.Mask)
      (net 86 12V))
    (pad 2 smd rect (at 0.95 0 90) (size 1.2 0.75) (layers F.Cu F.Paste F.Mask)
      (net 4 GND))
    (model Capacitors_SMD.3dshapes/C_0603.wrl
      (at (xyz 0 0 0))
      (scale (xyz 1 1 1))
      (rotate (xyz 0 0 0))
    )
  )

  (module Capacitors_SMD:C_0603_HandSoldering (layer F.Cu) (tedit 58AA848B) (tstamp 5F6144FC)
    (at 95.8596 108.6866 270)
    (descr "Capacitor SMD 0603, hand soldering")
    (tags "capacitor 0603")
    (path /5F7093B5/5FFEEF7B)
    (attr smd)
    (fp_text reference C15 (at 0 -1.25 90) (layer F.SilkS)
      (effects (font (size 1 1) (thickness 0.15)))
    )
    (fp_text value 0.01uF (at 0 1.5 90) (layer F.Fab)
      (effects (font (size 1 1) (thickness 0.15)))
    )
    (fp_text user %R (at 0 -1.25 90) (layer F.Fab)
      (effects (font (size 1 1) (thickness 0.15)))
    )
    (fp_line (start -0.8 0.4) (end -0.8 -0.4) (layer F.Fab) (width 0.1))
    (fp_line (start 0.8 0.4) (end -0.8 0.4) (layer F.Fab) (width 0.1))
    (fp_line (start 0.8 -0.4) (end 0.8 0.4) (layer F.Fab) (width 0.1))
    (fp_line (start -0.8 -0.4) (end 0.8 -0.4) (layer F.Fab) (width 0.1))
    (fp_line (start -0.35 -0.6) (end 0.35 -0.6) (layer F.SilkS) (width 0.12))
    (fp_line (start 0.35 0.6) (end -0.35 0.6) (layer F.SilkS) (width 0.12))
    (fp_line (start -1.8 -0.65) (end 1.8 -0.65) (layer F.CrtYd) (width 0.05))
    (fp_line (start -1.8 -0.65) (end -1.8 0.65) (layer F.CrtYd) (width 0.05))
    (fp_line (start 1.8 0.65) (end 1.8 -0.65) (layer F.CrtYd) (width 0.05))
    (fp_line (start 1.8 0.65) (end -1.8 0.65) (layer F.CrtYd) (width 0.05))
    (pad 2 smd rect (at 0.95 0 270) (size 1.2 0.75) (layers F.Cu F.Paste F.Mask)
      (net 4 GND))
    (pad 1 smd rect (at -0.95 0 270) (size 1.2 0.75) (layers F.Cu F.Paste F.Mask)
      (net 86 12V))
    (model Capacitors_SMD.3dshapes/C_0603.wrl
      (at (xyz 0 0 0))
      (scale (xyz 1 1 1))
      (rotate (xyz 0 0 0))
    )
  )

  (module Capacitors_SMD:CP_Elec_6.3x5.8 (layer F.Cu) (tedit 58AA8B59) (tstamp 5F614518)
    (at 94.361 116.586 90)
    (descr "SMT capacitor, aluminium electrolytic, 6.3x5.8")
    (path /5F7093B5/5FFE5258)
    (attr smd)
    (fp_text reference C16 (at 0 4.56 90) (layer F.SilkS)
      (effects (font (size 1 1) (thickness 0.15)))
    )
    (fp_text value 100uF (at 0 -4.56 90) (layer F.Fab)
      (effects (font (size 1 1) (thickness 0.15)))
    )
    (fp_line (start 4.7 3.4) (end -4.7 3.4) (layer F.CrtYd) (width 0.05))
    (fp_line (start 4.7 3.4) (end 4.7 -3.4) (layer F.CrtYd) (width 0.05))
    (fp_line (start -4.7 -3.4) (end -4.7 3.4) (layer F.CrtYd) (width 0.05))
    (fp_line (start -4.7 -3.4) (end 4.7 -3.4) (layer F.CrtYd) (width 0.05))
    (fp_line (start -2.54 -3.3) (end 3.3 -3.3) (layer F.SilkS) (width 0.12))
    (fp_line (start -3.3 -2.54) (end -2.54 -3.3) (layer F.SilkS) (width 0.12))
    (fp_line (start -2.54 3.3) (end -3.3 2.54) (layer F.SilkS) (width 0.12))
    (fp_line (start 3.3 3.3) (end -2.54 3.3) (layer F.SilkS) (width 0.12))
    (fp_line (start -3.3 -2.54) (end -3.3 -1.12) (layer F.SilkS) (width 0.12))
    (fp_line (start -3.3 2.54) (end -3.3 1.12) (layer F.SilkS) (width 0.12))
    (fp_line (start 3.3 -3.3) (end 3.3 -1.12) (layer F.SilkS) (width 0.12))
    (fp_line (start 3.3 3.3) (end 3.3 1.12) (layer F.SilkS) (width 0.12))
    (fp_line (start 3.15 -3.15) (end -2.48 -3.15) (layer F.Fab) (width 0.1))
    (fp_line (start -2.48 -3.15) (end -3.15 -2.48) (layer F.Fab) (width 0.1))
